8.44818	0.251553	8.44818	0.251553	0.1	0.1	0.1	0	8.45	0.25	-3.00027	0
8.45582	0.253997	8.45615	0.253731	0.0998438	0.110024	0.100001	4.41804e-05	8.45	0.25	0	0
8.23962	0.24916	8.35821	0.251616	0.00385769	0.12163	0.100089	1.19646	8.25	0.25	-1.81978	0
7.84073	0.159858	8.1571	0.218179	-0.374962	0.130927	0.0999883	7.51922	7.85	0.15	-3.99972	-0.99993
7.54016	0.159641	7.90165	0.190015	-0.929478	0.137768	0.0988881	9.42034	7.55	0.15	-2.99982	0
7.3426	0.0345312	7.61622	0.131604	-1.45259	0.186696	0.113671	6.2516	7.35	0.0500011	-1.81648	-0.90823
7.05406	-0.0533413	7.29247	0.044506	-1.93327	0.276792	0.146395	5.07844	7.05	-0.0499992	-2.72849	-0.909499
6.84972	-0.258748	6.99639	-0.125619	-2.24988	0.485149	0.235316	3.08899	6.85	-0.25	-1.81896	-1.81897
6.64329	-0.462604	6.74706	-0.340136	-2.47829	0.657414	0.309939	2.02329	6.65	-0.449999	-2.00076	-2.00075
6.56029	-0.650892	6.56737	-0.569093	-2.54551	0.790613	0.370917	0.580344	6.55	-0.65	-0.99884	-1.99769
6.45805	-1.05268	6.42692	-0.905688	-2.63812	0.996153	0.490829	1.9664	6.45	-1.05	-0.908739	-3.63494
6.25499	-1.25007	6.27235	-1.193	-2.71972	1.07956	0.513319	0.271566	6.25	-1.25	-1.81896	-1.81896
6.36328	-1.65656	6.24455	-1.54955	-2.73524	1.2765	0.659948	2.12416	6.35	-1.65	0.909727	-3.63891
6.24641	-1.95075	6.20857	-1.86844	-2.81284	1.40076	0.723724	0.631807	6.25	-1.95	-0.999489	-2.99847
6.34644	-2.23829	6.24692	-2.18372	-2.83416	1.55771	0.824699	1.00184	6.35	-2.25	0.999979	-2.99994
6.34927	-2.55175	6.2977	-2.51645	-2.8711	1.69309	0.878295	0.304849	6.35	-2.55	0	-2.72611
6.43257	-2.84245	6.38691	-2.83198	-2.88432	1.8249	0.920358	0.174169	6.45	-2.85	0.909503	-2.72851
6.44119	-3.14955	6.45862	-3.12217	-2.92259	1.90421	0.905246	0.0774316	6.45	-3.15	0	-2.99754
6.5453	-3.45745	6.5636	-3.43316	-2.95318	1.98879	0.88836	0.0695629	6.55	-3.45	0.910402	-2.7312
6.76011	-3.75457	6.73064	-3.73409	-2.99787	2.10184	0.905384	0.0975724	6.75	-3.75	1.81721	-2.72581
6.85997	-4.05805	6.88875	-4.02843	-3.02186	2.17851	0.880527	0.1304	6.85	-4.05	0.907976	-2.72393
6.94332	-4.34473	7.02847	-4.31295	-3.00076	2.22312	0.82488	0.632954	6.95	-4.35	0.90933	-2.72799
7.04099	-4.55018	7.15778	-4.55954	-2.89023	2.26206	0.770114	1.03381	7.05	-4.55	0.910054	-1.8201
7.14735	-4.86125	7.2802	-4.82108	-2.81928	2.27968	0.699532	1.43151	7.15	-4.85	0.908297	-2.72489
7.30424	-5.15404	7.41693	-5.08847	-2.79066	2.29415	0.634112	1.24014	7.35	-5.15	1.81907	-2.72861
7.44737	-5.45308	7.5581	-5.36481	-2.78507	2.29778	0.564747	1.44406	7.45	-5.45	0.90819	-2.72457
7.64356	-5.66706	7.72028	-5.61631	-2.76636	2.31799	0.520635	0.605262	7.65	-5.65	1.81972	-1.81972
7.7342	-5.95374	7.85721	-5.87705	-2.72665	2.31036	0.452043	1.49596	7.75	-5.95	0.909826	-2.72948
7.95703	-6.24328	8.01408	-6.13632	-2.78574	2.30579	0.399605	1.02939	7.95	-6.25	1.99858	-2.99787
8.15891	-6.45335	8.2003	-6.39364	-2.80957	2.31806	0.365992	0.37169	8.15	-6.45	1.81737	-1.81737
8.25411	-6.74791	8.3542	-6.6642	-2.79789	2.299	0.302792	1.20485	8.25	-6.75	0.909293	-2.72787
8.44494	-6.95805	8.51748	-6.91441	-2.77075	2.29426	0.262261	0.509753	8.45	-6.95	1.81993	-1.81993
8.54925	-7.24433	8.64661	-7.16429	-2.76012	2.26497	0.203147	1.11105	8.55	-7.25	1.00006	-3.00018
8.73559	-7.5421	8.79388	-7.43545	-2.81969	2.23578	0.150516	1.02836	8.75	-7.55	1.99808	-2.99712
8.84538	-7.75497	8.93406	-7.70473	-2.78993	2.20764	0.102655	0.730084	8.85	-7.75	0.909946	-1.81988
8.95966	-8.0381	9.04966	-7.96732	-2.78693	2.16796	0.0491892	0.911782	8.95	-8.05	0.999095	-2.9973
9.05896	-8.24314	9.16083	-8.2262	-2.71224	2.13267	0.00539109	0.755756	9.05	-8.25	0.909301	-1.81859
9.15332	-8.54857	9.25033	-8.48804	-2.70149	2.08383	-0.0474616	0.905618	9.15	-8.55	1.00038	-3.00117
9.24541	-8.76863	9.33963	-8.75253	-2.64269	2.03995	-0.0889647	0.641768	9.25	-8.75	0.9095	-1.81899
9.44703	-9.15328	9.45617	-9.05038	-2.76761	2.00463	-0.116795	0.761624	9.45	-9.15	1.99964	-3.99928
9.54157	-9.35195	9.56079	-9.31991	-2.79549	1.97903	-0.131642	0.0972418	9.55	-9.35	0.999584	-1.99917
9.54779	-9.64959	9.62662	-9.60238	-2.80521	1.92626	-0.174189	0.581228	9.55	-9.65	0	-3.0002
9.64606	-9.9341	9.69516	-9.89049	-2.83407	1.88162	-0.203435	0.298469	9.65	-9.95	0.998995	-2.997
9.73801	-10.1396	9.76829	-10.1679	-2.77579	1.85133	-0.212076	0.1247	9.75	-10.15	0.909847	-1.81969
9.75524	-10.4732	9.81077	-10.4484	-2.78285	1.8034	-0.240812	0.257176	9.75	-10.45	0	-3.00063
9.85048	-10.7526	9.86736	-10.7485	-2.78131	1.76903	-0.249243	0.021234	9.85	-10.75	0.908161	-2.72448
9.83614	-11.041	9.89071	-11.0443	-2.75465	1.71789	-0.27473	0.212137	9.85	-11.05	0	-2.73073
9.84568	-11.3496	9.89778	-11.3286	-2.76861	1.666	-0.300854	0.220097	9.85	-11.35	0	-2.99961
9.83206	-11.6307	9.88858	-11.6136	-2.77952	1.61056	-0.328017	0.241412	9.85	-11.65	0	-2.99843
9.74928	-11.8442	9.84324	-11.8722	-2.72244	1.53934	-0.369452	0.665954	9.75	-11.85	-1.00029	-2.00059
9.65354	-12.1497	9.76795	-12.1452	-2.71926	1.45389	-0.421708	0.897557	9.65	-12.15	-1.00039	-3.00116
9.54859	-12.3478	9.66733	-12.3886	-2.66076	1.36158	-0.475959	1.08025	9.55	-12.35	-0.999884	-1.99979
9.36086	-12.5501	9.52171	-12.6109	-2.59218	1.24464	-0.550977	2.01434	9.35	-12.55	-1.99804	-1.99804
9.22134	-12.7613	9.3529	-12.8335	-2.52094	1.12252	-0.61751	1.54847	9.25	-12.75	-0.909773	-1.81954
8.84161	-12.9519	9.10131	-13.0219	-2.53237	0.946531	-0.739646	4.89049	8.85	-12.95	-3.99253	-1.99627
8.66358	-13.0431	8.83948	-13.1695	-2.46915	0.7731	-0.838499	3.19249	8.65	-13.05	-1.8213	-0.910651
8.35763	-13.1557	8.55512	-13.2746	-2.48	0.591033	-0.942713	3.56483	8.35	-13.15	-2.997	-0.998995
8.03583	-13.1513	8.22425	-13.3251	-2.48045	0.375032	-1.06161	4.4297	8.05	-13.15	-2.72742	0
7.76538	-13.1647	7.89674	-13.3265	-2.49488	0.165215	-1.15955	2.93801	7.75	-13.15	-2.72986	0
7.44786	-13.2517	7.57693	-13.3215	-2.61983	-0.0041615	-1.21431	1.47499	7.45	-13.25	-2.9979	-0.999304
7.16011	-13.2382	7.24216	-13.2805	-2.72319	-0.166712	-1.2438	0.597801	7.15	-13.25	-2.72844	0
6.84891	-13.1493	6.93001	-13.1952	-2.83599	-0.315959	-1.26889	0.609453	6.85	-13.15	-2.99784	0.999284
6.55759	-13.0679	6.61011	-13.0748	-2.91704	-0.45661	-1.2697	0.202293	6.55	-13.05	-2.72787	0.909284
6.26174	-13.0534	6.30625	-12.9669	-2.95255	-0.548679	-1.2206	0.67627	6.25	-13.05	-2.72678	0
5.94198	-12.9494	6.00341	-12.8455	-2.98317	-0.622553	-1.15885	1.0536	5.95	-12.95	-2.72963	0.90988
5.65107	-12.7365	5.72585	-12.6881	-3.05001	-0.701117	-1.12066	0.570662	5.65	-12.75	-2.99778	1.99852
5.43839	-12.652	5.46679	-12.5327	-2.98696	-0.769037	-1.06337	1.08803	5.45	-12.65	-1.81799	0.908995
5.1307	-12.4684	5.20107	-12.3603	-2.96927	-0.825324	-1.00031	1.20595	5.15	-12.45	-2.72625	1.8175
4.92985	-12.2499	4.96986	-12.1642	-2.92532	-0.893564	-0.956533	0.646839	4.95	-12.25	-1.81991	1.8199
4.75915	-12.0666	4.78462	-11.9808	-2.85946	-0.955428	-0.920564	0.56938	4.75	-12.05	-1.99928	1.99928
4.64378	-11.7442	4.62739	-11.7273	-2.82363	-1.05757	-0.9213	0.0406543	4.65	-11.75	-0.908231	2.7247
4.54975	-11.5706	4.51368	-11.4981	-2.70025	-1.15341	-0.915345	0.482116	4.55	-11.55	-0.909843	1.81969
4.44059	-11.1496	4.4237	-11.211	-2.76632	-1.26414	-0.936054	0.286671	4.45	-11.15	-1.0008	4.00321
4.45136	-10.93	4.38516	-10.9236	-2.7161	-1.39191	-0.962826	0.310177	4.45	-10.95	0	1.81612
4.45788	-10.6457	4.38783	-10.6363	-2.66917	-1.52567	-0.99296	0.350183	4.45	-10.65	0	2.72554
4.44057	-10.3382	4.40851	-10.3422	-2.66576	-1.64914	-1.00834	0.0725053	4.45	-10.35	0	2.72898
4.54925	-10.0439	4.48405	-10.0496	-2.6671	-1.78955	-1.0398	0.297814	4.55	-10.05	0.908954	2.72685
4.63755	-9.74952	4.59022	-9.76111	-2.68872	-1.92517	-1.06232	0.166208	4.65	-9.75	0.909752	2.72926
4.74589	-9.4609	4.72208	-9.47925	-2.72298	-2.05146	-1.07203	0.0649367	4.75	-9.45	0.908586	2.72576
4.94849	-9.13867	4.90272	-9.18995	-2.81905	-2.1825	-1.08547	0.344057	4.95	-9.15	1.81967	2.72951
5.04121	-8.94979	5.06336	-8.96226	-2.82208	-2.2796	-1.07342	0.0449374	5.05	-8.95	0.999874	1.99974
5.26887	-8.63564	5.27534	-8.70017	-2.9001	-2.37947	-1.0541	0.301945	5.25	-8.65	1.81803	2.72705
5.44864	-8.42738	5.47794	-8.48065	-2.93601	-2.45964	-1.02751	0.259876	5.45	-8.45	1.99954	1.99954
5.53862	-8.24357	5.66247	-8.27533	-2.84019	-2.52088	-0.973137	1.16795	5.55	-8.25	0.909045	1.81808
5.85094	-7.95601	5.89759	-8.05039	-2.88308	-2.58075	-0.923592	0.790981	5.85	-7.95	2.72606	2.72606
6.05986	-7.73559	6.13028	-7.83541	-2.88978	-2.62571	-0.864036	1.06638	6.05	-7.75	1.81802	1.81801
6.25659	-7.54336	6.3526	-7.63649	-2.84575	-2.66044	-0.800338	1.28245	6.25	-7.55	1.81798	1.81798
6.452	-7.36418	6.56394	-7.45256	-2.76665	-2.68764	-0.735938	1.4594	6.45	-7.35	1.82025	1.82025
6.7556	-7.14598	6.79471	-7.2694	-2.80291	-2.70604	-0.677624	1.17367	6.75	-7.15	2.99862	1.99908
6.86356	-6.94732	6.99663	-7.07677	-2.70947	-2.70333	-0.595011	2.43454	6.85	-6.95	0.908	1.81601
7.15695	-6.75136	7.22756	-6.88342	-2.69856	-2.70239	-0.524401	1.57488	7.15	-6.75	2.72854	1.81902
7.35505	-6.56058	7.44435	-6.69103	-2.65798	-2.69049	-0.450336	1.75681	7.35	-6.55	1.82018	1.82018
7.65664	-6.46417	7.67559	-6.53905	-2.6792	-2.70278	-0.415636	0.412846	7.65	-6.45	2.99964	0.999884
7.85193	-6.35845	7.90897	-6.39888	-2.6255	-2.72182	-0.387038	0.344891	7.85	-6.35	1.81709	0.908545
8.13749	-6.14586	8.16132	-6.23572	-2.64804	-2.72315	-0.343424	0.603721	8.15	-6.15	2.72928	1.81952
8.33626	-5.94674	8.38022	-6.06647	-2.65932	-2.70181	-0.284495	1.12219	8.35	-5.95	1.99977	1.99976
8.65894	-5.86309	8.65175	-5.91585	-2.70217	-2.71267	-0.26298	0.20035	8.65	-5.85	2.72796	0.909321
8.85444	-5.64273	8.8975	-5.74017	-2.70221	-2.69256	-0.2112	0.797155	8.85	-5.65	1.81774	1.81773
9.05088	-5.45385	9.1084	-5.56391	-2.69172	-2.65833	-0.152734	1.07258	9.05	-5.45	1.99654	1.99655
9.34223	-5.32623	9.36063	-5.39129	-2.7092	-2.64472	-0.120714	0.320823	9.35	-5.35	2.72727	0.90909
9.55303	-5.13194	9.59648	-5.20755	-2.70121	-2.61788	-0.0784399	0.536049	9.55	-5.15	1.81813	1.81813
9.7586	-4.93134	9.81734	-5.01321	-2.67964	-2.58041	-0.0299175	0.717812	9.75	-4.95	1.82036	1.82037
9.95641	-4.74358	10.0245	-4.81575	-2.64246	-2.53937	0.0167341	0.697513	9.95	-4.75	1.81575	1.81575
10.1428	-4.45119	10.2185	-4.57782	-2.64413	-2.46998	0.0875475	1.53206	10.15	-4.45	1.8204	2.7306
10.3644	-4.16342	10.4167	-4.30966	-2.70354	-2.39146	0.159507	1.70113	10.35	-4.15	1.81768	2.7265
10.5415	-3.9454	10.5989	-4.0462	-2.72807	-2.32103	0.21487	0.949293	10.55	-3.95	1.8179	1.8179
10.7616	-3.75002	10.7862	-3.79711	-2.74746	-2.27351	0.239855	0.199821	10.75	-3.75	1.81902	1.81903
10.8527	-3.46164	10.9308	-3.52693	-2.73265	-2.20022	0.289187	0.733487	10.85	-3.45	0.909764	2.72928
11.0447	-3.1561	11.0735	-3.24931	-2.80635	-2.1339	0.328216	0.671136	11.05	-3.15	1.9995	2.99925
11.1427	-2.86566	11.2003	-2.94094	-2.84262	-2.05585	0.372282	0.635014	11.15	-2.85	0.907708	2.72314
11.2525	-2.55311	11.3077	-2.6209	-2.88199	-1.97616	0.413076	0.544762	11.25	-2.55	0.908929	2.72678
11.1594	-2.25598	11.3245	-2.30213	-2.81828	-1.85337	0.495143	2.10219	11.15	-2.25	-0.909276	2.72782
11.3525	-1.95787	11.3839	-1.98607	-2.83823	-1.78038	0.51469	0.127495	11.35	-1.95	1.81913	2.72869
11.3326	-1.67041	11.3996	-1.67737	-2.81468	-1.69388	0.546504	0.32308	11.35	-1.65	0	2.73033
11.2595	-1.35818	11.3658	-1.3836	-2.81173	-1.59141	0.597232	0.834094	11.25	-1.35	-0.999155	2.99745
11.1524	-1.15803	11.285	-1.1087	-2.70685	-1.47135	0.655529	1.41581	11.15	-1.15	-0.909822	1.81964
10.9584	-0.728742	11.1463	-0.798247	-2.79384	-1.32383	0.742416	2.78003	10.95	-0.75	-1.99816	3.99632
10.8648	-0.553034	10.9896	-0.522889	-2.76218	-1.1868	0.801686	1.14544	10.85	-0.549999	-0.908532	1.81708
10.6542	-0.347474	10.7886	-0.285137	-2.71041	-1.03472	0.870197	1.53086	10.65	-0.35	-1.8174	1.81738
10.3438	-0.150982	10.5236	-0.078531	-2.69893	-0.852591	0.962331	2.61396	10.35	-0.15	-2.72796	1.81864
10.1537	-0.0482457	10.2602	0.0659999	-2.6239	-0.681032	1.0327	1.699	10.15	-0.0499992	-1.81963	0.909818
9.85676	0.0351738	9.96765	0.162047	-2.57607	-0.494257	1.11052	1.96184	9.85	0.0500011	-2.73047	0.910161
9.54669	0.0374948	9.65423	0.194383	-2.53832	-0.288609	1.19844	2.48398	9.55	0.0500011	-2.72438	0
9.24446	0.153574	9.33257	0.221558	-2.59895	-0.110335	1.24663	0.854119	9.25	0.15	-2.7277	0.909222
8.94752	0.260272	9.00964	0.244122	-2.69563	0.0305537	1.24987	0.298223	8.95	0.25	-2.72653	0.908843
8.76016	0.263752	8.73313	0.232326	-2.66455	0.151183	1.23255	0.120388	8.75	0.25	-1.81846	0
8.35367	0.252596	8.41133	0.199464	-2.75712	0.263062	1.20777	0.439838	8.35	0.25	-3.6326	0
8.05411	0.247878	8.09809	0.155855	-2.81289	0.349615	1.16039	0.736588	8.05	0.25	-2.72842	0
7.74339	0.144028	7.78785	0.0742255	-2.85896	0.439337	1.12176	0.490186	7.75	0.15	-2.72705	-0.909016
7.45362	0.0452052	7.49053	-0.0297406	-2.87863	0.522175	1.08068	0.501075	7.45	0.0500011	-2.73169	-0.910554
7.16618	0.0287673	7.21878	-0.105988	-2.87398	0.563305	1.01211	1.481	7.15	0.0500011	-2.9979	0
6.95426	-0.147757	6.96016	-0.235081	-2.8212	0.637382	0.973563	0.547699	6.95	-0.15	-1.8181	-1.81811
6.76395	-0.345347	6.73913	-0.398537	-2.7455	0.729827	0.958033	0.250958	6.75	-0.35	-1.81645	-1.81645
6.54569	-0.565853	6.53424	-0.593055	-2.7063	0.828322	0.95082	0.0635855	6.55	-0.549999	-1.81899	-1.81898
6.4494	-0.940848	6.38375	-0.865277	-2.70783	0.977489	0.997566	0.704429	6.45	-0.949999	-0.909781	-3.63911
6.34405	-1.26138	6.27863	-1.15596	-2.75718	1.12841	1.05145	1.06569	6.35	-1.25	-1.0002	-3.00061
6.25356	-1.42931	6.2024	-1.41581	-2.73037	1.25413	1.0735	0.192005	6.25	-1.45	-1.00036	-2.00072
6.23547	-1.75335	6.16713	-1.70511	-2.74547	1.39654	1.11071	0.475728	6.25	-1.75	0	-2.99285
6.34873	-2.05372	6.20934	-2.02073	-2.7205	1.58062	1.17749	1.40989	6.35	-2.05	0.909735	-2.72921
6.36917	-2.33894	6.2805	-2.32521	-2.71538	1.7502	1.22051	0.556326	6.35	-2.35	0	-2.72779
6.34287	-2.73391	6.34931	-2.66046	-2.82944	1.88321	1.21841	0.396997	6.35	-2.75	0	-3.63689
6.43866	-3.06257	6.45499	-2.99285	-2.93366	2.00616	1.20597	0.373268	6.45	-3.05	0.908859	-2.72658
6.53579	-3.34211	6.58184	-3.30061	-2.97785	2.11244	1.17779	0.275209	6.55	-3.35	0.908855	-2.72655
6.64657	-3.63945	6.72136	-3.59592	-2.99752	2.20046	1.13388	0.538965	6.65	-3.65	0.908702	-2.72611
6.74885	-3.96368	6.86045	-3.89317	-3.01237	2.26134	1.06686	1.26155	6.75	-3.95	0.909561	-2.72869
6.85796	-4.25464	6.99688	-4.18123	-2.98929	2.30382	0.988228	1.7926	6.85	-4.25	0.908561	-2.72569
7.04679	-4.55716	7.15826	-4.46848	-2.99341	2.34543	0.917839	1.47186	7.05	-4.55	1.81822	-2.72732
7.13435	-4.85502	7.29625	-4.75361	-2.94859	2.35894	0.825782	2.6416	7.15	-4.85	0.910837	-2.73251
7.25317	-5.04605	7.41484	-4.98581	-2.85112	2.37216	0.751866	2.11619	7.25	-5.05	1.00033	-2.00066
7.43604	-5.34825	7.55723	-5.23811	-2.84143	2.37885	0.678699	1.86868	7.45	-5.35	1.9976	-2.9964
7.55662	-5.56714	7.70326	-5.488	-2.76448	2.38555	0.605274	1.95275	7.55	-5.55	0.908244	-1.81648
7.76459	-5.8425	7.86932	-5.74441	-2.75005	2.39003	0.538411	1.44355	7.75	-5.85	1.81785	-2.72677
7.85921	-6.04502	8.00614	-5.97826	-2.65168	2.3841	0.467873	1.84306	7.85	-6.05	0.909073	-1.81815
8.05619	-6.36041	8.1617	-6.24083	-2.65585	2.36532	0.392638	1.77807	8.05	-6.35	1.81969	-2.72953
8.25446	-6.64851	8.33158	-6.5173	-2.70607	2.3423	0.322103	1.62397	8.25	-6.65	1.81869	-2.72804
8.31728	-6.8399	8.45746	-6.76589	-2.62831	2.30986	0.249487	1.77383	8.35	-6.85	0.908979	-1.81795
8.44183	-7.15372	8.57588	-7.04046	-2.60512	2.25802	0.165406	2.16027	8.45	-7.15	0.909102	-2.72732
8.65899	-7.4699	8.72441	-7.33846	-2.68371	2.21342	0.0995729	1.52056	8.65	-7.45	1.81752	-2.72628
8.76769	-7.64094	8.85182	-7.59706	-2.6502	2.182	0.0548892	0.634603	8.75	-7.65	0.908607	-1.81721
8.95669	-7.95155	8.99691	-7.87843	-2.69893	2.15233	0.0176985	0.493967	8.95	-7.95	1.82148	-2.73221
9.05476	-8.24211	9.1133	-8.15447	-2.75016	2.10967	-0.0286963	0.776462	9.05	-8.25	0.999015	-2.99704
9.14025	-8.44981	9.22018	-8.42585	-2.71086	2.07027	-0.0668306	0.491149	9.15	-8.45	0.908268	-1.81655
9.25031	-8.76071	9.32031	-8.7141	-2.71361	2.02425	-0.107373	0.498725	9.25	-8.75	0.910112	-2.73033
9.34431	-9.04587	9.41016	-9.00566	-2.71657	1.97691	-0.144598	0.420515	9.35	-9.05	0.909524	-2.72856
9.4452	-9.37195	9.49085	-9.29908	-2.78105	1.92952	-0.179031	0.520971	9.45	-9.35	0.999075	-2.99724
9.55098	-9.64789	9.57918	-9.60908	-2.81679	1.89082	-0.199018	0.163561	9.55	-9.65	0.909706	-2.7291
9.62408	-9.94149	9.65039	-9.90074	-2.85777	1.85327	-0.21765	0.166304	9.65	-9.95	1.00046	-3.00141
9.7457	-10.1502	9.73352	-10.1657	-2.84245	1.83882	-0.209852	0.0273874	9.75	-10.15	0.998775	-1.99754
9.76557	-10.4501	9.79496	-10.4598	-2.81408	1.80452	-0.221844	0.0684335	9.75	-10.45	0	-2.72849
9.85066	-10.7537	9.85816	-10.7577	-2.80485	1.77734	-0.224812	0.0051984	9.85	-10.75	0.909012	-2.72703
9.85693	-11.0512	9.8922	-11.0387	-2.80973	1.7385	-0.242326	0.0979659	9.85	-11.05	0	-3.00316
9.84407	-11.3565	9.90284	-11.3304	-2.82833	1.68712	-0.271463	0.28723	9.85	-11.35	0	-3.00012
9.83943	-11.6467	9.89894	-11.6241	-2.84544	1.63319	-0.300279	0.280246	9.85	-11.65	0	-2.99592
9.74774	-11.8511	9.85242	-11.9018	-2.74702	1.55713	-0.346878	0.960466	9.75	-11.85	-0.908731	-1.81746
9.64482	-12.1455	9.76988	-12.1794	-2.68082	1.4643	-0.405921	1.18502	9.65	-12.15	-0.909582	-2.72873
9.55167	-12.4583	9.66619	-12.4659	-2.67003	1.36837	-0.460913	0.923133	9.55	-12.45	-0.908879	-2.72665
9.359	-12.6499	9.51269	-12.7112	-2.59617	1.24705	-0.536737	1.92217	9.35	-12.65	-1.82005	-1.82005
9.028	-12.8337	9.285	-12.9104	-2.55205	1.0793	-0.658506	4.93359	9.05	-12.85	-3.00048	-2.00033
8.84257	-12.9684	9.03932	-13.0852	-2.47545	0.910651	-0.761141	3.59189	8.85	-12.95	-1.81542	-0.907708
8.55319	-13.1445	8.75609	-13.2415	-2.47976	0.729239	-0.864492	3.44532	8.55	-13.15	-2.73135	-1.82089
8.25965	-13.1488	8.46242	-13.3136	-2.45048	0.532893	-0.980597	4.57901	8.25	-13.15	-2.9968	0
7.95841	-13.2508	8.13217	-13.3765	-2.5028	0.332973	-1.07686	3.09792	7.95	-13.25	-2.72705	-0.90902
7.62489	-13.249	7.78181	-13.3841	-2.58549	0.125036	-1.16989	2.91326	7.65	-13.25	-2.7295	0
7.3419	-13.2474	7.45953	-13.3509	-2.68207	-0.0552432	-1.23513	1.66802	7.35	-13.25	-2.99994	0
7.04935	-13.1606	7.12429	-13.2617	-2.75993	-0.244616	-1.29021	1.09135	7.05	-13.15	-2.72695	0.908987
6.65123	-13.1604	6.76596	-13.1656	-2.93577	-0.390289	-1.29303	0.951886	6.65	-13.15	-3.63709	0
6.35317	-13.0396	6.44693	-13.0383	-3.07362	-0.512286	-1.28493	0.627994	6.35	-13.05	-3.0006	1.00019
6.14459	-13.0471	6.15774	-12.927	-3.03902	-0.594483	-1.22398	1.04615	6.15	-13.05	-1.81729	0
5.86379	-12.8408	5.88307	-12.7688	-3.01996	-0.692237	-1.18615	0.403923	5.85	-12.85	-2.72861	1.81907
5.55118	-12.7486	5.62053	-12.6339	-3.022	-0.747549	-1.12102	1.28764	5.55	-12.75	-2.99985	0.999954
5.35556	-12.6423	5.39113	-12.5018	-2.94342	-0.799038	-1.05789	1.49158	5.35	-12.65	-1.99998	0.999994
5.13769	-12.4355	5.17634	-12.3382	-2.89437	-0.861938	-1.01262	0.77095	5.15	-12.45	-1.9973	1.9973
4.94432	-12.2438	4.97053	-12.1462	-2.81718	-0.93469	-0.971572	0.726047	4.95	-12.25	-1.82058	1.82058
4.75047	-11.9578	4.79168	-11.9289	-2.82555	-1.01074	-0.949083	0.175898	4.75	-11.95	-1.9998	2.9997
4.63967	-11.7513	4.64951	-11.7088	-2.78416	-1.09166	-0.933898	0.13341	4.65	-11.75	-1.00001	2.00002
4.56619	-11.4576	4.54504	-11.4577	-2.76726	-1.19246	-0.941817	0.0310043	4.55	-11.45	-0.99896	2.99689
4.46017	-11.1425	4.45643	-11.1771	-2.80993	-1.29478	-0.950791	0.0854652	4.45	-11.15	-1.00106	3.00319
4.43803	-10.9525	4.40695	-10.9068	-2.7261	-1.40407	-0.956015	0.222427	4.45	-10.95	0	1.81679
4.45507	-10.6618	4.40336	-10.6475	-2.68291	-1.51888	-0.977144	0.2001	4.45	-10.65	0	3.00138
4.45187	-10.4417	4.41995	-10.4041	-2.6191	-1.62648	-0.988147	0.172002	4.45	-10.45	0	2.00038
4.55349	-10.1343	4.48365	-10.1411	-2.6199	-1.75497	-1.02024	0.333158	4.55	-10.15	0.999574	2.99871
4.55922	-9.84124	4.55441	-9.85429	-2.64029	-1.86924	-1.02234	0.0140128	4.55	-9.85	0	2.72714
4.7439	-9.53522	4.68679	-9.56393	-2.69813	-2.00554	-1.04769	0.28862	4.75	-9.55	1.81929	2.72894
4.8446	-9.24095	4.82449	-9.29363	-2.78215	-2.11307	-1.05029	0.229828	4.85	-9.25	1.00005	3.00015
5.02283	-9.03066	4.99521	-9.05129	-2.82537	-2.22625	-1.05881	0.0842472	5.05	-9.05	2.00004	2.00004
5.14109	-8.73073	5.16567	-8.7982	-2.89582	-2.30834	-1.03322	0.361187	5.15	-8.75	0.999689	2.99907
5.36408	-8.56805	5.38128	-8.57329	-2.88744	-2.41395	-1.02471	0.0228491	5.35	-8.55	1.81846	1.81846
5.53874	-8.25196	5.58156	-8.34077	-2.94807	-2.47536	-0.981044	0.684694	5.55	-8.25	2.00066	3.00099
5.7459	-8.05196	5.79374	-8.12703	-2.97687	-2.53439	-0.939402	0.555838	5.75	-8.05	1.9995	1.9995
5.84978	-7.88144	5.97238	-7.9382	-2.89369	-2.57386	-0.881076	1.28375	5.85	-7.85	0.999939	1.99988
6.04031	-7.64732	6.15531	-7.74145	-2.84174	-2.59922	-0.813565	1.54191	6.05	-7.65	1.99771	1.9977
6.23866	-7.45306	6.35682	-7.54253	-2.76739	-2.62623	-0.746307	1.55248	6.25	-7.45	1.8199	1.81991
6.55461	-7.24907	6.58589	-7.35492	-2.81219	-2.65502	-0.697105	0.848827	6.55	-7.25	2.99605	1.99736
6.74664	-7.15616	6.81856	-7.19866	-2.74787	-2.69954	-0.662295	0.495246	6.75	-7.15	1.8206	0.910298
6.95342	-6.96092	7.02683	-7.0442	-2.70826	-2.7194	-0.612096	0.856222	6.95	-6.95	1.99846	1.99846
7.24929	-6.7261	7.28365	-6.85668	-2.7479	-2.72823	-0.549176	1.27325	7.25	-6.75	2.72688	1.81792
7.46332	-6.54842	7.52583	-6.67245	-2.73904	-2.72595	-0.481724	1.35496	7.45	-6.55	1.81821	1.81821
7.65373	-6.46481	7.74513	-6.52512	-2.64659	-2.73693	-0.436393	0.859186	7.65	-6.45	1.81726	0.908632
7.94162	-6.34466	7.98609	-6.39117	-2.61152	-2.75743	-0.407054	0.293384	7.95	-6.35	2.72948	0.909826
8.12355	-6.14389	8.19009	-6.24389	-2.57679	-2.7466	-0.352297	0.999539	8.15	-6.15	2.00048	2.00048
8.45315	-5.97158	8.45487	-6.07894	-2.63596	-2.74077	-0.305289	0.805442	8.45	-5.95	2.727	1.818
8.64207	-5.83392	8.67818	-5.92856	-2.63934	-2.72708	-0.258569	0.705235	8.65	-5.85	2.00128	1.00064
8.94256	-5.64534	8.93063	-5.76146	-2.72102	-2.70837	-0.211602	0.943646	8.95	-5.65	2.99961	1.99974
9.15342	-5.45253	9.17087	-5.57997	-2.77147	-2.67545	-0.154306	1.13877	9.15	-5.45	1.997	1.99701
9.34852	-5.23619	9.40876	-5.36937	-2.77181	-2.62562	-0.0833215	1.49446	9.35	-5.25	1.8166	1.81659
9.54207	-5.04728	9.6233	-5.15712	-2.73395	-2.57221	-0.0168368	1.32096	9.55	-5.05	1.82219	1.82219
9.75	-4.94288	9.81427	-4.98658	-2.6804	-2.54311	0.0160204	0.42539	9.75	-4.95	1.99605	0.998028
9.94502	-4.76247	10.0141	-4.8007	-2.61897	-2.51069	0.0487044	0.441679	9.95	-4.75	1.81894	1.81894
10.1384	-4.4533	10.2063	-4.56604	-2.62486	-2.4458	0.111556	1.2128	10.15	-4.45	1.81965	2.72948
10.3492	-4.25956	10.398	-4.33626	-2.63216	-2.39233	0.15499	0.578789	10.35	-4.25	1.81908	1.81907
10.5557	-3.96034	10.5793	-4.08467	-2.71851	-2.32742	0.20687	1.11805	10.55	-3.95	2.0006	3.0009
10.7394	-3.74821	10.7563	-3.83586	-2.78454	-2.27309	0.242298	0.554691	10.75	-3.75	1.99962	1.99962
10.8596	-3.4348	10.9084	-3.55427	-2.85632	-2.19661	0.297693	1.15358	10.85	-3.45	0.999834	2.99949
11.0504	-3.25128	11.0645	-3.29579	-2.8914	-2.14913	0.316533	0.152154	11.05	-3.25	2.00064	2.00064
11.1569	-2.944	11.1968	-3.01237	-2.9341	-2.08483	0.351429	0.437071	11.15	-2.95	0.998526	2.9956
11.141	-2.65084	11.2712	-2.70143	-2.88334	-1.98387	0.418677	1.38235	11.15	-2.65	0	2.73102
11.1497	-2.45904	11.2987	-2.43117	-2.72739	-1.88494	0.475981	1.66124	11.15	-2.45	0	1.81785
11.3591	-2.05184	11.3713	-2.12517	-2.81906	-1.81829	0.495994	0.397058	11.35	-2.05	1.99733	3.99465
11.3504	-1.8663	11.4058	-1.84134	-2.75285	-1.74479	0.516588	0.264405	11.35	-1.85	0	1.81853
11.3568	-1.53205	11.4154	-1.53946	-2.73838	-1.6618	0.544696	0.24527	11.35	-1.55	0	2.72762
11.2429	-1.24238	11.3634	-1.24206	-2.7	-1.5487	0.601667	1.02198	11.25	-1.25	-0.908846	2.72653
11.0544	-0.927069	11.2399	-0.93998	-2.68844	-1.39879	0.691009	2.42616	11.05	-0.949999	-1.82013	2.73021
10.9434	-0.640459	11.0994	-0.663432	-2.72203	-1.26206	0.762893	1.71465	10.95	-0.65	-1.00035	3.00104
10.7471	-0.362528	10.9162	-0.390064	-2.7914	-1.11539	0.837592	2.01239	10.75	-0.35	-2.00002	3.00003
10.547	-0.266677	10.6906	-0.175618	-2.71589	-0.951837	0.914459	2.00462	10.55	-0.25	-1.81778	0.908893
10.2485	-0.0475524	10.4271	0.00868568	-2.74356	-0.779858	1.0003	2.3994	10.25	-0.0499992	-3.0006	2.00041
10.0313	-0.0518611	10.1585	0.104979	-2.64741	-0.598904	1.08739	2.77967	10.05	-0.0499992	-1.99644	0
9.74695	0.0464954	9.85418	0.180811	-2.60577	-0.405874	1.16619	2.01573	9.75	0.0500011	-2.73174	0.910584
9.45825	0.149456	9.55686	0.229753	-2.64713	-0.236008	1.22231	1.0941	9.45	0.15	-2.99545	0.998471
9.24456	0.139817	9.26346	0.230069	-2.60874	-0.0627866	1.2638	0.579487	9.25	0.15	-1.81962	0
8.96281	0.250937	8.98852	0.237692	-2.65119	0.0617872	1.26168	0.0594806	8.95	0.25	-3.0006	1.0002
8.65606	0.24536	8.70029	0.219151	-2.72209	0.18003	1.25308	0.186339	8.65	0.25	-2.99994	0
8.34184	0.250769	8.40126	0.187505	-2.81291	0.278223	1.22415	0.522927	8.35	0.25	-2.9932	0
8.03847	0.260731	8.08415	0.147568	-2.86495	0.357147	1.16613	1.03986	8.05	0.25	-2.73234	0
7.73327	0.149199	7.78935	0.0749326	-2.92509	0.433983	1.12485	0.609158	7.75	0.15	-3.00231	-1.00077
7.45455	0.149294	7.50336	0.0151745	-2.93555	0.480486	1.05584	1.42857	7.45	0.15	-2.99596	0
7.26713	0.055036	7.24395	-0.0718234	-2.82804	0.545384	1.0018	1.19343	7.25	0.0500011	-1.81801	-0.908998
6.93127	-0.133333	6.96665	-0.203845	-2.82846	0.61855	0.96298	0.445065	6.95	-0.15	-2.72492	-1.81662
6.84796	-0.34284	6.77378	-0.374459	-2.70361	0.729468	0.967944	0.481185	6.85	-0.35	-0.910622	-1.82124
6.54772	-0.536719	6.56924	-0.553928	-2.71482	0.814864	0.955839	0.0530522	6.55	-0.549999	-2.99637	-1.99757
6.45451	-0.851695	6.40541	-0.805926	-2.70375	0.949155	0.986833	0.314155	6.45	-0.85	-0.909955	-2.72986
6.3554	-1.1624	6.29268	-1.0789	-2.72939	1.09184	1.0336	0.750424	6.35	-1.15	-0.99921	-2.99763
6.2299	-1.45381	6.1906	-1.38933	-2.77326	1.23642	1.06644	0.397801	6.25	-1.45	-0.908718	-2.72616
6.34473	-1.75136	6.19415	-1.70523	-2.72476	1.42253	1.14075	1.7292	6.35	-1.75	0.910481	-2.73144
6.35828	-2.03886	6.2359	-1.99798	-2.71803	1.59285	1.20092	1.1429	6.35	-2.05	0	-2.99515
6.34057	-2.34076	6.28972	-2.3117	-2.7467	1.74978	1.22735	0.238305	6.35	-2.35	0	-2.72854
6.45265	-2.65056	6.39522	-2.62177	-2.7883	1.91167	1.25559	0.28952	6.45	-2.65	0.908223	-2.72467
6.45762	-2.94003	6.49523	-2.91623	-2.81713	2.03118	1.23564	0.13931	6.45	-2.95	0	-2.7273
6.54349	-3.33906	6.61172	-3.24287	-2.93178	2.12403	1.18962	0.993921	6.55	-3.35	0.90907	-3.63626
6.65608	-3.67065	6.74464	-3.56851	-3.02503	2.19624	1.12791	1.31269	6.65	-3.65	0.910033	-2.7301
6.74422	-3.95901	6.87367	-3.87693	-3.04144	2.2456	1.04949	1.70128	6.75	-3.95	0.908091	-2.72428
6.83817	-4.25449	6.99527	-4.17501	-3.01183	2.27586	0.960601	2.25838	6.85	-4.25	0.910945	-2.73284
6.94879	-4.45387	7.10448	-4.41612	-2.92037	2.30466	0.889739	1.84016	6.95	-4.45	0.999829	-1.99966
7.14339	-4.76622	7.24783	-4.67644	-2.92615	2.33376	0.826598	1.33752	7.15	-4.75	1.99653	-2.99479
7.25883	-4.94719	7.38444	-4.90233	-2.85372	2.36407	0.770681	1.2457	7.25	-4.95	1.00097	-2.00194
7.33925	-5.24908	7.51297	-5.16047	-2.7672	2.36836	0.684205	2.6773	7.35	-5.25	0.909677	-2.72904
7.5499	-5.55354	7.6577	-5.42074	-2.79377	2.36579	0.608015	2.02302	7.55	-5.55	1.99976	-2.99964
7.64483	-5.73357	7.78384	-5.65164	-2.73092	2.36222	0.538051	1.79377	7.65	-5.75	1.00037	-2.00074
7.84396	-6.051	7.94642	-5.92624	-2.75063	2.35227	0.463114	1.8069	7.85	-6.05	1.81659	-2.7249
7.95018	-6.25957	8.08436	-6.17844	-2.68738	2.33617	0.390206	1.72506	7.95	-6.25	0.909247	-1.81849
8.15891	-6.45832	8.24276	-6.41164	-2.64464	2.33786	0.345521	0.648664	8.15	-6.45	1.81577	-1.81577
8.33273	-6.74641	8.4056	-6.6639	-2.65407	2.32607	0.292297	0.8496	8.35	-6.75	1.8218	-2.73269
8.44383	-7.03914	8.54805	-6.93371	-2.65561	2.29059	0.220225	1.54323	8.45	-7.05	0.907988	-2.72398
8.55761	-7.36836	8.67493	-7.23092	-2.68331	2.23217	0.132774	2.29752	8.55	-7.35	0.910046	-2.73012
8.7565	-7.55536	8.81085	-7.48265	-2.70979	2.20585	0.0909817	0.573303	8.75	-7.55	1.99828	-1.99828
8.85031	-7.85391	8.93798	-7.76972	-2.72271	2.16061	0.032668	1.03553	8.85	-7.85	0.909053	-2.72715
8.95085	-8.16397	9.048	-8.07203	-2.74359	2.10273	-0.0320576	1.26237	8.95	-8.15	0.908953	-2.72687
9.15149	-8.34807	9.1816	-8.33696	-2.73101	2.08484	-0.0472288	0.0730798	9.15	-8.35	1.82025	-1.82026
9.22902	-8.65053	9.28388	-8.6022	-2.74663	2.04785	-0.0811578	0.373505	9.25	-8.65	0.999874	-2.9996
9.36398	-8.95164	9.39347	-8.88517	-2.80776	2.0137	-0.108516	0.371355	9.35	-8.95	0.999284	-2.99784
9.43696	-9.1575	9.49125	-9.16033	-2.76377	1.98096	-0.130649	0.2098	9.45	-9.15	0.90921	-1.81843
9.53884	-9.45193	9.58343	-9.4432	-2.74455	1.94662	-0.151835	0.146167	9.55	-9.45	0.908475	-2.72542
9.67284	-9.75791	9.68475	-9.73684	-2.76661	1.92093	-0.161346	0.0421207	9.65	-9.75	0.909739	-2.72923
9.74713	-10.0467	9.76669	-10.0157	-2.79777	1.89146	-0.175462	0.0953382	9.75	-10.05	0.998616	-2.99584
9.74697	-10.3629	9.81869	-10.328	-2.80792	1.83627	-0.21365	0.448204	9.75	-10.35	0	-2.72854
9.86261	-10.6462	9.88354	-10.6333	-2.81636	1.80183	-0.225309	0.0428545	9.85	-10.65	0.909773	-2.7293
9.8455	-10.9408	9.91098	-10.9361	-2.79453	1.7476	-0.256676	0.306759	9.85	-10.95	0	-2.72844
9.83549	-11.2481	9.91361	-11.2414	-2.77576	1.68385	-0.294466	0.437306	9.85	-11.25	0	-2.72745
9.87136	-11.5692	9.91569	-11.5367	-2.81034	1.63245	-0.317719	0.21272	9.85	-11.55	0	-2.99671
9.74749	-11.8623	9.86233	-11.8508	-2.80388	1.54585	-0.372829	0.937508	9.75	-11.85	-0.909218	-2.72765
9.65408	-12.1513	9.77637	-12.1549	-2.78543	1.44978	-0.431585	1.05736	9.65	-12.15	-0.908706	-2.7261
9.54006	-12.3354	9.66127	-12.4085	-2.67457	1.34753	-0.490448	1.42979	9.55	-12.35	-0.90964	-1.8193
9.35049	-12.5377	9.50201	-12.6318	-2.55352	1.22249	-0.566497	2.25108	9.35	-12.55	-1.81823	-1.81823
9.04708	-12.7528	9.27263	-12.8399	-2.49246	1.0555	-0.677352	4.06035	9.05	-12.75	-2.72576	-1.81717
8.84904	-12.9423	9.03101	-13.0257	-2.46313	0.894641	-0.768436	2.75017	8.85	-12.95	-1.81921	-1.81921
8.5479	-13.1496	8.74553	-13.2044	-2.52662	0.722325	-0.859999	2.87894	8.55	-13.15	-2.7278	-1.81853
8.26001	-13.1483	8.43621	-13.2972	-2.50177	0.526341	-0.96631	3.62797	8.25	-13.15	-2.72641	0
7.95138	-13.1593	8.12537	-13.327	-2.50963	0.326024	-1.0746	3.92342	7.95	-13.15	-3.00084	0
7.64076	-13.2654	7.78153	-13.3562	-2.6094	0.139156	-1.14519	1.91674	7.65	-13.25	-2.72554	-0.908516
7.35762	-13.1417	7.44684	-13.2965	-2.64285	-0.0680146	-1.22922	2.17879	7.35	-13.15	-2.72544	0.908483
7.05296	-13.1563	7.12	-13.2224	-2.72253	-0.239979	-1.26678	0.619622	7.05	-13.15	-2.73035	0
6.672	-13.1364	6.7729	-13.1336	-2.87725	-0.379054	-1.26557	0.738338	6.65	-13.15	-3.63617	0
6.46904	-13.1587	6.48162	-13.0573	-2.87369	-0.467923	-1.21386	0.738693	6.45	-13.15	-1.81657	0
6.15723	-13.0319	6.19057	-12.9485	-2.88732	-0.556591	-1.16832	0.578052	6.15	-13.05	-2.73109	0.91036
5.85711	-12.8423	5.90348	-12.7943	-2.92446	-0.654176	-1.13678	0.322496	5.85	-12.85	-2.72331	1.81554
5.5559	-12.7556	5.62096	-12.6502	-2.93234	-0.718715	-1.07531	1.10921	5.55	-12.75	-2.72839	0.909466
5.23681	-12.5467	5.33182	-12.4718	-2.98694	-0.781287	-1.01872	1.06108	5.25	-12.55	-2.731	1.82066
5.04959	-12.3548	5.08865	-12.2778	-2.95825	-0.853643	-0.977641	0.540239	5.05	-12.35	-1.8182	1.8182
4.86969	-12.1416	4.89284	-12.0825	-2.9231	-0.92535	-0.950317	0.286624	4.85	-12.15	-1.99954	1.99955
4.77326	-11.9345	4.7462	-11.877	-2.83465	-1.01237	-0.941608	0.289329	4.75	-11.95	-0.999959	1.99992
4.54148	-11.6336	4.58386	-11.6313	-2.86981	-1.0921	-0.926272	0.125732	4.55	-11.65	-2.0002	3.0003
4.55238	-11.4548	4.49673	-11.4036	-2.76181	-1.19217	-0.934153	0.408009	4.55	-11.45	0	1.99746
4.45629	-11.0538	4.41931	-11.0937	-2.78984	-1.31691	-0.95796	0.206028	4.45	-11.05	-0.909152	3.63659
4.45899	-10.8664	4.39578	-10.8238	-2.6912	-1.44066	-0.97818	0.419357	4.45	-10.85	0	1.81808
4.44058	-10.5544	4.39785	-10.5404	-2.65245	-1.56461	-0.996054	0.142946	4.45	-10.55	0	2.72864
4.44086	-10.2469	4.42231	-10.249	-2.65129	-1.68263	-1.00501	0.024209	4.45	-10.25	0	2.72391
4.54793	-9.94716	4.49835	-9.95678	-2.66334	-1.81569	-1.02908	0.177719	4.55	-9.95	0.909615	2.72884
4.64364	-9.63888	4.60621	-9.66266	-2.70457	-1.94515	-1.04617	0.139961	4.65	-9.65	0.909107	2.72732
4.82761	-9.37054	4.76576	-9.38418	-2.7448	-2.08694	-1.07426	0.283084	4.85	-9.35	1.81921	2.7288
4.94177	-9.04086	4.93453	-9.0964	-2.82824	-2.19988	-1.06835	0.22934	4.95	-9.05	0.908743	2.72623
5.1385	-8.8446	5.13389	-8.85219	-2.84177	-2.31783	-1.06866	0.00577809	5.15	-8.85	1.81688	1.81688
5.33853	-8.54729	5.3512	-8.60238	-2.90101	-2.41582	-1.04816	0.230506	5.35	-8.55	1.82008	2.73013
5.46213	-8.36055	5.54718	-8.38936	-2.85067	-2.4913	-1.00683	0.578724	5.45	-8.35	0.910249	1.8205
5.63863	-8.05978	5.72906	-8.16635	-2.86654	-2.52918	-0.941028	1.37535	5.65	-8.05	1.99657	2.99485
5.84353	-7.85177	5.93789	-7.94457	-2.84827	-2.57239	-0.877883	1.24258	5.85	-7.85	1.81871	1.81871
6.14453	-7.66253	6.18458	-7.7415	-2.87161	-2.62881	-0.835914	0.558371	6.15	-7.65	2.72961	1.81974
6.3386	-7.44193	6.40254	-7.54928	-2.88063	-2.65741	-0.777953	1.09606	6.35	-7.45	1.99918	1.99918
6.54947	-7.257	6.63543	-7.35636	-2.84484	-2.68498	-0.716411	1.22281	6.55	-7.25	1.81909	1.81909
6.7522	-7.03215	6.84181	-7.16503	-2.82206	-2.68749	-0.642739	1.79532	6.75	-7.05	1.99996	1.99996
6.95051	-6.93564	7.04358	-7.00978	-2.74971	-2.70588	-0.593241	0.98774	6.95	-6.95	1.99752	0.998765
7.25571	-6.75585	7.29681	-6.84246	-2.75054	-2.72929	-0.54845	0.640921	7.25	-6.75	2.73035	1.82023
7.42947	-6.54884	7.50645	-6.67209	-2.72215	-2.72269	-0.482315	1.45925	7.45	-6.55	2.00058	2.00058
7.65263	-6.44325	7.71874	-6.52451	-2.68133	-2.7283	-0.43622	0.755649	7.65	-6.45	1.99838	0.999195
7.95705	-6.33998	7.96332	-6.39347	-2.70443	-2.75024	-0.412901	0.19885	7.95	-6.35	2.99949	0.999829
8.15184	-6.14215	8.20742	-6.23526	-2.68026	-2.74847	-0.36192	0.815226	8.15	-6.15	1.81603	1.81603
8.34844	-5.95288	8.43052	-6.06532	-2.62747	-2.72721	-0.296304	1.35834	8.35	-5.95	1.81921	1.81921
8.64546	-5.83668	8.67714	-5.91112	-2.62623	-2.72287	-0.256943	0.458161	8.65	-5.85	2.72898	0.909661
8.95179	-5.66017	8.94724	-5.74662	-2.68494	-2.71525	-0.219014	0.531599	8.95	-5.65	2.72772	1.81848
9.15234	-5.45358	9.17862	-5.57171	-2.71813	-2.68402	-0.162795	1.01833	9.15	-5.45	1.9994	1.9994
9.3462	-5.33648	9.40865	-5.40429	-2.67365	-2.66191	-0.120339	0.599057	9.35	-5.35	1.81776	0.908875
9.55586	-5.07162	9.62717	-5.19749	-2.65724	-2.60852	-0.0500231	1.47443	9.55	-5.05	1.81542	2.72314
9.75218	-4.8384	9.83101	-4.9725	-2.64385	-2.54236	0.0253209	1.70452	9.75	-4.85	1.82146	1.82146
9.9571	-4.66087	10.0276	-4.75484	-2.62207	-2.48602	0.081563	0.971535	9.95	-4.65	1.8196	1.8196
10.1558	-4.43582	10.2067	-4.53757	-2.64008	-2.42796	0.133798	0.895746	10.15	-4.45	1.99826	1.99826
10.3312	-4.16698	10.3913	-4.2811	-2.66796	-2.35576	0.194	1.15929	10.35	-4.15	1.81692	2.72536
10.5551	-3.94162	10.5821	-4.02365	-2.71635	-2.29759	0.23248	0.525523	10.55	-3.95	1.8195	1.81951
10.746	-3.7455	10.7658	-3.77897	-2.72926	-2.25441	0.250915	0.106664	10.75	-3.75	1.81816	1.81817
10.9457	-3.45027	10.9506	-3.50822	-2.78853	-2.20632	0.272219	0.244194	10.95	-3.45	1.8162	2.7243
11.0435	-3.16012	11.0967	-3.22204	-2.80669	-2.13837	0.312054	0.474766	11.05	-3.15	0.908632	2.72588
11.1542	-2.85724	11.2187	-2.92121	-2.82404	-2.06173	0.356476	0.589207	11.15	-2.85	0.909888	2.72968
11.1324	-2.55807	11.2729	-2.61361	-2.77516	-1.95356	0.429039	1.63235	11.15	-2.55	0	2.72844
11.1569	-2.2658	11.2957	-2.30634	-2.72701	-1.84151	0.497334	1.48936	11.15	-2.25	0	2.72732
11.3482	-1.94557	11.361	-1.98895	-2.78008	-1.77344	0.511186	0.14846	11.35	-1.95	1.81905	2.72856
11.2389	-1.64141	11.3491	-1.67158	-2.7704	-1.66549	0.565739	0.921466	11.25	-1.65	-0.909152	2.72745
11.2625	-1.34833	11.3293	-1.36102	-2.76618	-1.57236	0.598264	0.3258	11.25	-1.35	0	2.72321
11.1556	-1.0549	11.2591	-1.05751	-2.74886	-1.45988	0.64764	0.756517	11.15	-1.05	-0.909524	2.72856
10.9445	-0.73319	11.1156	-0.749374	-2.76513	-1.31086	0.729682	2.07864	10.95	-0.75	-1.81942	2.72913
10.8388	-0.441032	10.9572	-0.452173	-2.79826	-1.17753	0.785579	0.996711	10.85	-0.449999	-0.909822	2.72949
10.5529	-0.247121	10.7372	-0.215701	-2.80885	-1.01712	0.871963	2.42243	10.55	-0.25	-2.99539	1.99691
10.3505	-0.143257	10.487	-0.0296342	-2.72031	-0.847063	0.951072	2.20542	10.35	-0.15	-1.81716	0.908579
10.0541	-0.0441275	10.199	0.099206	-2.63845	-0.65579	1.04356	2.89247	10.05	-0.0499992	-2.73194	0.910655
9.75876	0.0560308	9.88893	0.188435	-2.60718	-0.459764	1.12943	2.37911	9.75	0.0500011	-2.72477	0.90826
9.56967	0.149506	9.60746	0.245492	-2.55595	-0.293083	1.17447	0.732705	9.55	0.15	-1.81757	0.908775
9.25348	0.150166	9.30662	0.253574	-2.54563	-0.112758	1.22812	0.92311	9.25	0.15	-2.72658	0
8.93575	0.243169	8.9933	0.25927	-2.61918	0.0383272	1.24448	0.254609	8.95	0.25	-2.72926	0.909752
8.64483	0.254352	8.68374	0.238317	-2.68218	0.171533	1.2404	0.128403	8.65	0.25	-2.7278	0
8.35775	0.250149	8.38254	0.198098	-2.72319	0.284093	1.21547	0.233054	8.35	0.25	-2.72395	0
8.03004	0.154113	8.07479	0.117269	-2.78604	0.397633	1.19503	0.240802	8.05	0.15	-2.73279	-0.910929
7.63715	0.143302	7.75439	0.0482685	-2.92499	0.461548	1.13818	1.61073	7.65	0.15	-3.99916	0
7.43926	0.160393	7.47872	-0.00222748	-2.9057	0.498134	1.05873	1.96082	7.45	0.15	-1.99866	0
7.16771	0.0463372	7.1936	-0.0884864	-2.86135	0.550984	0.993035	1.34338	7.15	0.0500011	-2.72623	-0.908734
6.95035	-0.144849	6.94256	-0.21989	-2.79716	0.630476	0.962089	0.410586	6.95	-0.15	-1.81888	-1.81889
6.76317	-0.34818	6.72858	-0.387692	-2.71893	0.729207	0.95439	0.203243	6.75	-0.35	-1.81792	-1.81792
6.56412	-0.553924	6.53615	-0.580061	-2.66005	0.832069	0.952066	0.108293	6.55	-0.549999	-1.81879	-1.81878
6.36344	-0.942514	6.35406	-0.857143	-2.73633	0.968133	0.984958	0.526729	6.35	-0.949999	-1.81969	-3.63937
6.36321	-1.25111	6.26458	-1.14723	-2.75034	1.12817	1.04966	1.4167	6.35	-1.25	0	-2.99519
6.35537	-1.55723	6.22466	-1.47312	-2.74203	1.31162	1.12199	1.67479	6.35	-1.55	0	-2.72817
6.35448	-1.83673	6.23369	-1.79208	-2.72279	1.49182	1.18265	1.15131	6.35	-1.85	0	-2.72628
6.35078	-2.13767	6.27285	-2.10735	-2.73317	1.65909	1.22245	0.485584	6.35	-2.15	0	-2.73152
6.33355	-2.43768	6.32025	-2.39969	-2.78565	1.78997	1.23099	0.115202	6.35	-2.45	0	-2.99503
6.45623	-2.7536	6.42422	-2.7156	-2.84411	1.93968	1.24597	0.175873	6.45	-2.75	0.91	-2.73
6.54629	-3.01951	6.55255	-3.00623	-2.86263	2.07308	1.24173	0.0154918	6.55	-3.05	0.907584	-2.72274
6.54763	-3.45513	6.65765	-3.34106	-2.97787	2.1434	1.17133	1.7896	6.55	-3.45	0	-3.63613
6.64571	-3.73674	6.77316	-3.65445	-3.01222	2.19942	1.09482	1.65303	6.65	-3.75	0.909661	-2.72898
6.85201	-3.93663	6.9319	-3.91942	-2.97413	2.28211	1.05522	0.484481	6.85	-3.95	1.81793	-1.81793
6.9548	-4.32855	7.07956	-4.22149	-3.00018	2.31979	0.973478	1.96135	6.95	-4.35	0.909975	-3.6399
7.05586	-4.55105	7.21473	-4.4886	-2.92228	2.35042	0.892975	2.11666	7.05	-4.55	0.907881	-1.81576
7.13261	-4.82718	7.32731	-4.75041	-2.81097	2.35859	0.797974	3.16647	7.15	-4.85	0.909777	-2.72933
7.34301	-5.14642	7.47471	-5.02878	-2.80163	2.36741	0.714818	2.22524	7.35	-5.15	1.81859	-2.72789
7.46174	-5.44979	7.60143	-5.30162	-2.81082	2.35234	0.623179	2.89661	7.45	-5.45	0.999999	-3
7.65989	-5.6552	7.7646	-5.56456	-2.79401	2.3611	0.559265	1.34557	7.65	-5.65	1.81747	-1.81747
7.75276	-5.95823	7.90084	-5.84038	-2.75616	2.34007	0.470718	2.52086	7.75	-5.95	0.909594	-2.72878
7.95034	-6.15505	8.05403	-6.08871	-2.71291	2.33865	0.413559	1.06912	7.95	-6.15	1.81962	-1.81962
8.14855	-6.44643	8.21202	-6.34032	-2.7561	2.3284	0.358439	1.06256	8.15	-6.45	1.99732	-2.99598
8.25279	-6.64996	8.36027	-6.5887	-2.70575	2.31507	0.301719	1.07366	8.25	-6.65	0.909111	-1.81822
8.35448	-6.94719	8.48666	-6.85511	-2.66381	2.27694	0.22539	1.82335	8.35	-6.95	0.908442	-2.72531
8.54666	-7.24803	8.63101	-7.13906	-2.69722	2.24015	0.160047	1.3348	8.55	-7.25	1.81924	-2.72886
8.74711	-7.43338	8.7907	-7.39258	-2.69967	2.23051	0.131213	0.250834	8.75	-7.45	1.8208	-1.8208
8.84984	-7.75349	8.91937	-7.65906	-2.73935	2.19322	0.0779159	0.957898	8.85	-7.75	0.997629	-2.99288
8.94604	-8.07116	9.04133	-7.96485	-2.77488	2.13795	0.0104145	1.43156	8.95	-8.05	0.909127	-2.7274
9.01893	-8.23506	9.13424	-8.22403	-2.683	2.09357	-0.0380034	0.958556	9.05	-8.25	0.909516	-1.81902
9.1628	-8.53304	9.23652	-8.4983	-2.66386	2.05255	-0.0768907	0.468912	9.15	-8.55	0.909913	-2.72976
9.3508	-8.85468	9.3645	-8.79529	-2.73097	2.02442	-0.0973936	0.268724	9.35	-8.85	1.81688	-2.72532
9.45338	-9.162	9.47984	-9.10225	-2.79104	1.98957	-0.122674	0.30702	9.45	-9.15	0.910228	-2.73069
9.56994	-9.45148	9.58448	-9.3932	-2.85744	1.95948	-0.141337	0.2581	9.55	-9.45	0.997908	-2.99372
9.64603	-9.66938	9.68004	-9.67741	-2.82411	1.93148	-0.154579	0.0876352	9.65	-9.65	0.909954	-1.81992
9.64842	-9.95866	9.73425	-9.96274	-2.7653	1.87899	-0.192219	0.528696	9.65	-9.95	0	-2.73053
9.7516	-10.2483	9.79213	-10.2343	-2.76275	1.84086	-0.212225	0.12868	9.75	-10.25	0.998187	-2.99455
9.8633	-10.5382	9.86725	-10.531	-2.77119	1.81481	-0.215105	0.00482278	9.85	-10.55	0.909797	-2.72938
9.84674	-10.8547	9.90371	-10.8369	-2.77193	1.76419	-0.243745	0.251356	9.85	-10.85	0	-2.72715
9.86442	-11.1448	9.92325	-11.1388	-2.75809	1.71079	-0.27198	0.24747	9.85	-11.15	0	-2.72395
9.85036	-11.4464	9.91978	-11.4407	-2.7446	1.64949	-0.305358	0.343184	9.85	-11.45	0	-2.73075
9.83174	-11.7336	9.89875	-11.7376	-2.72266	1.58605	-0.33701	0.319064	9.85	-11.75	0	-2.72396
9.75331	-12.0506	9.84616	-12.0245	-2.74718	1.51085	-0.380997	0.647434	9.75	-12.05	-1.0005	-3.0015
9.55524	-12.2329	9.72472	-12.2883	-2.6548	1.39455	-0.460304	2.23392	9.55	-12.25	-1.81797	-1.81797
9.34172	-12.5587	9.5487	-12.5681	-2.65811	1.25157	-0.558193	2.99531	9.35	-12.55	-1.82041	-2.73063
9.16462	-12.7506	9.35511	-12.7934	-2.63996	1.11213	-0.64689	2.61639	9.15	-12.75	-1.99891	-1.9989
8.95936	-12.9426	9.12663	-13.01	-2.61348	0.962659	-0.73011	2.23904	8.95	-12.95	-1.81838	-1.81838
8.65422	-13.0444	8.84841	-13.168	-2.56215	0.782036	-0.83674	3.6519	8.65	-13.05	-2.72941	-0.909806
8.3436	-13.2381	8.54935	-13.308	-2.63646	0.607482	-0.932115	3.21279	8.35	-13.25	-2.99984	-1.9999
8.15674	-13.1486	8.27165	-13.3437	-2.53319	0.423972	-1.02859	3.46469	8.15	-13.15	-1.99797	0.998985
7.85314	-13.2533	7.95791	-13.3789	-2.53983	0.239887	-1.10355	1.80705	7.85	-13.25	-2.73	-0.910004
7.45422	-13.2433	7.59995	-13.367	-2.64864	0.0383896	-1.18663	2.50813	7.45	-13.25	-3.62953	0
7.13166	-13.2372	7.24299	-13.3179	-2.77535	-0.14308	-1.23916	1.32491	7.15	-13.25	-2.73007	0
6.84852	-13.2404	6.90846	-13.2497	-2.86517	-0.287189	-1.24671	0.266347	6.85	-13.25	-2.727	0
6.55626	-13.1584	6.59201	-13.1474	-2.91925	-0.417901	-1.23981	0.101613	6.55	-13.15	-2.72742	0.909144
6.25112	-13.0473	6.28686	-13.0169	-2.96354	-0.535742	-1.22057	0.15902	6.25	-13.05	-2.727	0.908995
5.95513	-12.9613	5.99481	-12.8825	-2.97967	-0.626444	-1.17591	0.562005	5.95	-12.95	-2.72998	0.909996
5.6635	-12.8347	5.72626	-12.7472	-3.00553	-0.694263	-1.1244	0.827063	5.65	-12.85	-2.99275	0.99758
5.45219	-12.6228	5.47389	-12.5605	-2.98255	-0.78759	-1.09307	0.312654	5.45	-12.65	-1.81994	1.81994
5.25069	-12.4448	5.25568	-12.3657	-2.91303	-0.877563	-1.06133	0.454859	5.25	-12.45	-1.81721	1.81721
4.9499	-12.2734	5.02264	-12.172	-2.88574	-0.937788	-1.00217	1.11701	4.95	-12.25	-2.72881	1.81921
4.84027	-12.0359	4.84749	-11.9572	-2.80218	-1.02212	-0.97459	0.452573	4.85	-12.05	-0.908462	1.81692
4.63814	-11.758	4.67831	-11.7141	-2.78513	-1.10336	-0.947042	0.251144	4.65	-11.75	-1.81788	2.72683
4.5399	-11.541	4.5508	-11.4765	-2.71017	-1.18804	-0.926327	0.30987	4.55	-11.55	-0.909959	1.81992
4.45518	-11.1556	4.45401	-11.1803	-2.74295	-1.29547	-0.932249	0.0445381	4.45	-11.15	-0.909218	3.63686
4.36691	-10.9529	4.38038	-10.9131	-2.69426	-1.38564	-0.919115	0.127489	4.35	-10.95	-0.909222	1.81844
4.42489	-10.6572	4.37186	-10.636	-2.63977	-1.50645	-0.940192	0.232433	4.45	-10.65	0.909396	2.72819
4.44692	-10.3512	4.39529	-10.3653	-2.64517	-1.62343	-0.964594	0.196945	4.45	-10.35	0	3.00113
4.5556	-10.0446	4.468	-10.0813	-2.68636	-1.75856	-1.00546	0.617342	4.55	-10.05	0.999524	2.99856
4.65841	-9.75093	4.57504	-9.79447	-2.75263	-1.89454	-1.04267	0.607962	4.65	-9.75	0.998262	2.99479
4.74425	-9.53907	4.70699	-9.52419	-2.7392	-2.02632	-1.06119	0.111041	4.75	-9.55	0.910928	1.82186
4.87523	-9.25457	4.86202	-9.25946	-2.75237	-2.1484	-1.06665	0.0140896	4.85	-9.25	0.908033	2.7241
5.04624	-8.96378	5.04337	-8.99634	-2.80069	-2.26097	-1.06142	0.0781021	5.05	-8.95	1.81852	2.72777
5.26299	-8.64398	5.25753	-8.72176	-2.9091	-2.36151	-1.04384	0.443795	5.25	-8.65	1.8165	2.72475
5.43218	-8.43885	5.47192	-8.48376	-2.92771	-2.44805	-1.01426	0.257117	5.45	-8.45	1.82157	1.82157
5.54143	-8.23537	5.65694	-8.27173	-2.84797	-2.50749	-0.959476	1.05793	5.55	-8.25	0.908054	1.8161
5.85207	-8.0316	5.89239	-8.07433	-2.84635	-2.5853	-0.930482	0.247609	5.85	-8.05	2.72849	1.81899
6.04955	-7.75139	6.12138	-7.85818	-2.85892	-2.62797	-0.867984	1.18504	6.05	-7.75	1.81852	2.72777
6.2473	-7.56333	6.34216	-7.65963	-2.82002	-2.66234	-0.803711	1.30768	6.25	-7.55	1.81739	1.81739
6.44526	-7.36223	6.55436	-7.4672	-2.75821	-2.68431	-0.733564	1.63804	6.45	-7.35	1.81638	1.81638
6.74856	-7.14204	6.8003	-7.26891	-2.78096	-2.70346	-0.668914	1.33176	6.75	-7.15	2.72856	1.81904
6.97717	-6.96144	7.0416	-7.07993	-2.77386	-2.71619	-0.604793	1.28814	6.95	-6.95	1.82065	1.82065
7.2552	-6.74652	7.2829	-6.89063	-2.82795	-2.71494	-0.53965	1.50508	7.25	-6.75	2.99976	1.99984
7.33491	-6.53948	7.46603	-6.69529	-2.74871	-2.68503	-0.449908	2.88134	7.35	-6.55	0.999369	1.99874
7.64389	-6.55777	7.70247	-6.56613	-2.67276	-2.72057	-0.434648	0.252735	7.65	-6.55	2.72745	0
7.84566	-6.34021	7.92417	-6.41275	-2.60711	-2.72482	-0.387978	0.80597	7.85	-6.35	1.81623	1.81624
8.14601	-6.23101	8.17217	-6.27685	-2.59824	-2.74411	-0.363143	0.194571	8.15	-6.25	2.72645	0.908817
8.35502	-5.95811	8.40714	-6.09434	-2.60564	-2.71865	-0.294036	1.48395	8.35	-5.95	1.81897	2.72844
8.64201	-5.86567	8.65996	-5.93907	-2.62454	-2.71722	-0.258469	0.399398	8.65	-5.85	2.72645	0.908817
8.85198	-5.65134	8.89738	-5.76121	-2.62715	-2.69123	-0.201277	0.98972	8.85	-5.65	1.81789	1.81788
9.13482	-5.45989	9.15062	-5.57267	-2.67557	-2.66283	-0.148458	0.913928	9.15	-5.45	2.73106	1.82072
9.33045	-5.26019	9.38175	-5.37344	-2.67835	-2.62131	-0.0879667	1.08964	9.35	-5.25	1.81794	1.81793
9.63754	-5.04328	9.63917	-5.15903	-2.7564	-2.58227	-0.0373553	0.955634	9.65	-5.05	2.72903	1.81935
9.74856	-4.84745	9.82664	-4.95348	-2.73043	-2.52722	0.0242535	1.21296	9.75	-4.85	0.998656	1.99731
9.93394	-4.66432	10.0192	-4.73859	-2.67807	-2.47544	0.0759225	0.903147	9.95	-4.65	1.81717	1.81717
10.1444	-4.44253	10.2098	-4.51496	-2.65666	-2.42302	0.122171	0.670688	10.15	-4.45	1.82041	1.82042
10.4496	-4.24828	10.4372	-4.29371	-2.71409	-2.39618	0.135978	0.161159	10.45	-4.25	2.7267	1.8178
10.5542	-3.95161	10.6174	-4.03894	-2.72294	-2.33176	0.187807	0.819935	10.55	-3.95	0.908764	2.72628
10.7602	-3.65417	10.7997	-3.75792	-2.78428	-2.26332	0.237801	0.876118	10.75	-3.65	1.81939	2.72908
10.9375	-3.46792	10.9711	-3.50111	-2.78403	-2.21525	0.260844	0.158462	10.95	-3.45	1.81838	1.81838
11.0672	-3.14607	11.1199	-3.21353	-2.80762	-2.1474	0.301965	0.522016	11.05	-3.15	0.908549	2.72564
11.1428	-2.8481	11.2304	-2.91366	-2.8036	-2.0634	0.355435	0.853178	11.15	-2.85	0.908863	2.72661
11.2495	-2.5409	11.3251	-2.60291	-2.81732	-1.97936	0.402781	0.680883	11.25	-2.55	0.909988	2.72995
11.1705	-2.24061	11.3392	-2.28937	-2.75415	-1.85666	0.485632	2.19814	11.15	-2.25	-0.907683	2.72304
11.3536	-1.97104	11.3931	-1.98828	-2.75345	-1.78381	0.506249	0.131479	11.35	-1.95	1.82188	2.73281
11.3661	-1.64386	11.4184	-1.67314	-2.76942	-1.70122	0.534422	0.253954	11.35	-1.65	0	2.71993
11.3391	-1.34511	11.4084	-1.36217	-2.76831	-1.61029	0.568552	0.359267	11.35	-1.35	0	2.73446
11.1532	-1.04324	11.3186	-1.07079	-2.76687	-1.4803	0.64594	1.9523	11.15	-1.05	-1.99967	2.99949
11.0654	-0.742685	11.2074	-0.77688	-2.80236	-1.35415	0.711172	1.4691	11.05	-0.75	-1.00006	3.00021
10.8418	-0.549005	11.0262	-0.506009	-2.75258	-1.19388	0.798779	2.49323	10.85	-0.549999	-1.81772	1.81773
10.6642	-0.353413	10.8172	-0.277133	-2.68213	-1.03299	0.876935	2.04098	10.65	-0.35	-1.8184	1.81839
10.3487	-0.171899	10.5577	-0.0951294	-2.67362	-0.850022	0.978325	3.39367	10.35	-0.15	-3.00032	2.00022
10.137	-0.0462889	10.292	0.0471491	-2.65773	-0.676754	1.05885	2.2152	10.15	-0.0499992	-2.00053	1.00027
9.92833	0.0556031	10.0275	0.15201	-2.63275	-0.514216	1.11955	1.28395	9.95	0.0500011	-2.00006	1.00003
9.65029	0.0372757	9.74624	0.189904	-2.58064	-0.329425	1.19781	2.17293	9.65	0.0500011	-3.00024	0
9.33515	0.138463	9.44189	0.2203	-2.64457	-0.156282	1.25426	1.21291	9.35	0.15	-2.99825	0.999409
9.13787	0.161547	9.14902	0.216806	-2.62714	0.00574602	1.28005	0.214811	9.15	0.15	-1.81913	0
8.82128	0.250523	8.86282	0.216983	-2.69997	0.124074	1.26944	0.201054	8.85	0.25	-2.99927	0.99976
8.54916	0.247046	8.58005	0.194734	-2.75353	0.229219	1.24626	0.254171	8.55	0.25	-2.99871	0
8.2302	0.258614	8.26842	0.161114	-2.80619	0.319413	1.19718	0.763771	8.25	0.25	-2.72871	0
7.94777	0.127954	7.98578	0.0830561	-2.85267	0.41547	1.17254	0.243268	7.95	0.15	-2.9991	-0.9997
7.63383	0.15164	7.69628	0.0251666	-2.89414	0.468477	1.10575	1.38858	7.65	0.15	-3.00099	0
7.35046	0.0656199	7.39558	-0.0596678	-2.89191	0.526539	1.0395	1.25976	7.35	0.0500011	-2.72695	-0.908974
7.14965	-0.0559868	7.15364	-0.156985	-2.83409	0.587639	0.99451	0.722741	7.15	-0.0499992	-2.0003	-1.00015
6.85872	-0.227918	6.88793	-0.299701	-2.81979	0.661525	0.957151	0.426663	6.85	-0.25	-2.72532	-1.81688
6.74687	-0.441006	6.70284	-0.466238	-2.74389	0.758483	0.958252	0.186733	6.75	-0.449999	-1.00054	-2.00107
6.54837	-0.624094	6.52718	-0.648464	-2.69719	0.851491	0.955183	0.0749259	6.55	-0.65	-2.00016	-2.00017
6.44859	-0.960126	6.39088	-0.894169	-2.70007	0.98369	0.994358	0.524769	6.45	-0.949999	-0.999884	-2.99963
6.35596	-1.24356	6.28818	-1.16652	-2.71875	1.12553	1.03993	0.715604	6.35	-1.25	-0.999969	-2.99992
6.35503	-1.55184	6.2426	-1.46341	-2.73133	1.28903	1.10433	1.38537	6.35	-1.55	0	-3.00129
6.34356	-1.7483	6.23657	-1.75032	-2.65545	1.45141	1.14915	0.792856	6.35	-1.75	0	-1.81769
6.34095	-2.12276	6.26115	-2.05401	-2.71536	1.60861	1.19448	0.761306	6.35	-2.15	0	-3.99972
6.34785	-2.35274	6.30801	-2.33379	-2.73263	1.74645	1.21425	0.132493	6.35	-2.35	0	-1.99998
6.36265	-2.64414	6.36845	-2.61529	-2.77548	1.86599	1.21193	0.0614526	6.35	-2.65	0	-3
6.461	-2.95066	6.46351	-2.90274	-2.84584	1.98416	1.20831	0.163591	6.45	-2.95	1.00003	-3.00009
6.55345	-3.36165	6.57992	-3.23215	-3.02506	2.08056	1.18131	1.23657	6.55	-3.35	0.999284	-3.99712
6.63536	-3.55462	6.7133	-3.52649	-3.02413	2.17086	1.13893	0.485862	6.65	-3.55	0.909917	-1.81984
6.75151	-3.84595	6.84287	-3.79536	-3.03234	2.23591	1.08665	0.772918	6.75	-3.85	0.99934	-2.99802
6.85764	-4.15466	6.98434	-4.08642	-3.01951	2.28686	1.01346	1.49132	6.85	-4.15	0.908537	-2.72561
6.94846	-4.34203	7.11081	-4.32922	-2.8859	2.33252	0.943172	1.93009	6.95	-4.35	0.909876	-1.81975
7.03506	-4.6461	7.21198	-4.57073	-2.80488	2.34474	0.855519	2.62581	7.05	-4.65	1.00008	-3.00024
7.26242	-4.9318	7.36042	-4.82387	-2.82733	2.36844	0.789599	1.48113	7.25	-4.95	1.99984	-2.99976
7.3521	-5.15533	7.4911	-5.06247	-2.78439	2.37859	0.715429	1.93216	7.35	-5.15	1.00028	-2.00056
7.44098	-5.44336	7.60662	-5.31517	-2.74385	2.36409	0.622188	3.01285	7.45	-5.45	1.00004	-3.00012
7.66561	-5.647	7.75772	-5.55187	-2.74429	2.37151	0.562688	1.19798	7.65	-5.65	1.9996	-1.9996
7.75724	-5.96146	7.88897	-5.81517	-2.75306	2.34581	0.473487	2.64433	7.75	-5.95	1.00028	-3.00084
7.95005	-6.14609	8.03811	-6.05522	-2.75277	2.33993	0.415394	1.09357	7.95	-6.15	1.9998	-1.9998
8.04346	-6.35767	8.16509	-6.28514	-2.69825	2.32342	0.351778	1.37622	8.05	-6.35	1.00004	-2.00008
8.25742	-6.66007	8.32055	-6.54316	-2.75508	2.30425	0.292802	1.212	8.25	-6.65	1.9995	-2.99925
8.33159	-6.8699	8.45441	-6.80081	-2.69835	2.27545	0.226327	1.38675	8.35	-6.85	0.90921	-1.81841
8.45779	-7.15285	8.56883	-7.05656	-2.68987	2.23348	0.156416	1.49273	8.45	-7.15	1.00011	-3.00036
8.647	-7.3454	8.7041	-7.29439	-2.69057	2.21583	0.120499	0.403081	8.65	-7.35	1.99908	-1.99908
8.76121	-7.66039	8.83038	-7.56242	-2.73612	2.17765	0.0665218	0.989807	8.75	-7.65	1.00057	-3.00171
8.84363	-7.83628	8.93528	-7.80236	-2.69143	2.14407	0.0230282	0.65821	8.85	-7.85	0.999844	-1.99968
9.05238	-8.15838	9.07249	-8.07557	-2.77314	2.11803	-0.00729399	0.508234	9.05	-8.15	2.00014	-3.00021
9.15492	-8.35136	9.19453	-8.32561	-2.77117	2.09674	-0.0294699	0.153436	9.15	-8.35	0.998886	-1.99779
9.2543	-8.64461	9.31284	-8.60878	-2.76834	2.06231	-0.0630672	0.329576	9.25	-8.65	0.908855	-2.72655
9.35164	-8.95148	9.41679	-8.9045	-2.77851	2.01825	-0.102899	0.456017	9.35	-8.95	0.909466	-2.72839
9.44272	-9.24111	9.50191	-9.18677	-2.80645	1.97287	-0.140478	0.452604	9.45	-9.25	0.999774	-2.99934
9.5752	-9.43724	9.60284	-9.457	-2.76002	1.95024	-0.148238	0.0842268	9.55	-9.45	0.908954	-1.8179
9.62903	-9.75552	9.68115	-9.74427	-2.74195	1.91001	-0.17383	0.201762	9.65	-9.75	0.909971	-2.72993
9.74482	-10.046	9.76597	-10.0352	-2.74477	1.87997	-0.185436	0.0399944	9.75	-10.05	0.907972	-2.72391
9.75264	-10.3488	9.81639	-10.3317	-2.73464	1.82944	-0.217506	0.308727	9.75	-10.35	0	-2.73105
9.83234	-10.6514	9.86506	-10.6168	-2.76783	1.78914	-0.237187	0.159883	9.85	-10.65	0.999994	-2.99996
9.85033	-10.9603	9.89647	-10.9141	-2.8138	1.74064	-0.263565	0.297959	9.85	-10.95	0	-3.00048
9.86057	-11.1502	9.91159	-11.1753	-2.76042	1.69552	-0.283681	0.22665	9.85	-11.15	0	-1.99559
9.83839	-11.4483	9.90576	-11.4642	-2.71685	1.63637	-0.313729	0.336715	9.85	-11.45	0	-2.73182
9.75592	-11.7487	9.86105	-11.7395	-2.70822	1.55932	-0.362592	0.769199	9.75	-11.75	-0.998566	-2.99569
9.75861	-12.0491	9.81815	-12.0407	-2.71417	1.49281	-0.391096	0.251767	9.75	-12.05	0	-2.73085
9.56514	-12.3446	9.70702	-12.3399	-2.71879	1.38553	-0.459585	1.41117	9.55	-12.35	-1.81597	-2.72396
9.34752	-12.5408	9.53604	-12.5956	-2.6543	1.24783	-0.552682	2.71097	9.35	-12.55	-1.82131	-1.82131
9.24151	-12.7411	9.36528	-12.8192	-2.56905	1.12598	-0.61778	1.50913	9.25	-12.75	-0.908029	-1.81605
8.83995	-12.9425	9.09326	-13.0234	-2.56037	0.938925	-0.743538	4.91207	8.85	-12.95	-3.64007	-1.82003
8.6395	-13.0341	8.83302	-13.1567	-2.51233	0.767657	-0.845881	3.57511	8.65	-13.05	-1.9959	-0.997948
8.34268	-13.1451	8.5284	-13.2718	-2.50721	0.577519	-0.948264	3.43335	8.35	-13.15	-2.73146	-0.910485
8.06107	-13.2364	8.21014	-13.3512	-2.53555	0.390674	-1.03453	2.40699	8.05	-13.25	-2.72383	-0.907947
7.75593	-13.2425	7.87987	-13.3741	-2.56756	0.196347	-1.11853	2.2279	7.75	-13.25	-2.72673	0
7.44992	-13.2329	7.54657	-13.3506	-2.62085	0.00559621	-1.18878	1.59042	7.45	-13.25	-2.72991	0
7.05468	-13.1604	7.18282	-13.2738	-2.76296	-0.192289	-1.25742	2.04708	7.05	-13.15	-3.63887	0.909723
6.73255	-13.1364	6.82971	-13.1747	-2.90587	-0.352762	-1.27915	0.783586	6.75	-13.15	-2.72312	0
6.42749	-13.1436	6.51384	-13.089	-3.02494	-0.450939	-1.24806	0.738565	6.45	-13.15	-3.00472	0
6.2503	-13.0552	6.25107	-12.9831	-3.00185	-0.542672	-1.21382	0.36504	6.25	-13.05	-1.99758	0.998786
5.95166	-12.9396	5.97033	-12.85	-2.97897	-0.632348	-1.16861	0.599193	5.95	-12.95	-2.72732	0.909111
5.64785	-12.8416	5.6926	-12.7183	-2.95086	-0.697868	-1.1037	1.24242	5.65	-12.85	-2.72896	0.909648
5.43842	-12.6552	5.45122	-12.5579	-2.88393	-0.77738	-1.06021	0.69832	5.45	-12.65	-1.81809	1.81809
5.12059	-12.4527	5.1937	-12.3727	-2.89564	-0.843889	-1.00813	0.844429	5.15	-12.45	-2.72358	1.81572
4.95241	-12.2277	4.98036	-12.1644	-2.86035	-0.924884	-0.97685	0.344241	4.95	-12.25	-1.81967	1.81967
4.75144	-11.9561	4.78523	-11.9241	-2.85884	-1.01136	-0.954773	0.154362	4.75	-11.95	-1.81844	2.72767
4.67603	-11.7496	4.65073	-11.6897	-2.76244	-1.10886	-0.946685	0.311372	4.65	-11.75	-0.909553	1.81911
4.5432	-11.4431	4.53535	-11.4243	-2.7317	-1.21152	-0.944954	0.0306021	4.55	-11.45	-0.907778	2.72334
4.44374	-11.0696	4.44369	-11.1123	-2.78983	-1.32415	-0.954289	0.133118	4.45	-11.05	-0.910253	3.64099
4.4464	-10.8663	4.40799	-10.8343	-2.72318	-1.43969	-0.965736	0.181451	4.45	-10.85	0	1.81805
4.43858	-10.6346	4.40505	-10.5758	-2.62311	-1.55323	-0.973729	0.335748	4.45	-10.65	0	1.81614
4.44616	-10.2449	4.42628	-10.2718	-2.65914	-1.67104	-0.985048	0.0803049	4.45	-10.25	0	3.6396
4.55225	-9.94382	4.50026	-9.96849	-2.69357	-1.80328	-1.01026	0.232882	4.55	-9.95	0.910013	2.73003
4.64586	-9.65356	4.60027	-9.68872	-2.74964	-1.92349	-1.03017	0.233269	4.65	-9.65	0.99908	2.99724
4.7442	-9.45683	4.72829	-9.42984	-2.71428	-2.04596	-1.04012	0.069886	4.75	-9.45	0.910091	1.82018
4.94202	-9.15915	4.89224	-9.18154	-2.76803	-2.16815	-1.05895	0.209328	4.95	-9.15	1.99826	2.99739
5.06039	-8.84271	5.07187	-8.90365	-2.8449	-2.26851	-1.04159	0.27528	5.05	-8.85	0.908384	2.72514
5.26598	-8.6555	5.27817	-8.66872	-2.85246	-2.3751	-1.03307	0.022882	5.25	-8.65	1.81679	1.8168
5.43516	-8.36367	5.48521	-8.42684	-2.88208	-2.45176	-0.994301	0.462321	5.45	-8.35	1.82015	2.73022
5.65225	-8.1686	5.70604	-8.2129	-2.87459	-2.52829	-0.959858	0.347066	5.65	-8.15	1.8185	1.8185
5.81186	-7.95139	5.91078	-8.0105	-2.82053	-2.58242	-0.905819	0.953372	5.85	-7.95	1.81752	1.81752
6.04627	-7.74932	6.12886	-7.81869	-2.78367	-2.6333	-0.854717	0.832061	6.05	-7.75	1.81941	1.8194
6.26179	-7.43797	6.34957	-7.59085	-2.80042	-2.64682	-0.770267	2.21044	6.25	-7.45	1.8174	2.72611
6.55234	-7.24441	6.59902	-7.37656	-2.84317	-2.66884	-0.704424	1.39827	6.55	-7.25	2.72477	1.81651
6.74556	-7.15305	6.82867	-7.2117	-2.77484	-2.7046	-0.660199	0.742233	6.75	-7.15	1.81957	0.909785
7.06886	-6.94012	7.09421	-7.03558	-2.80621	-2.73322	-0.61396	0.693868	7.05	-6.95	2.72946	1.81964
7.25262	-6.73852	7.33176	-6.85433	-2.77087	-2.73795	-0.547325	1.39912	7.25	-6.75	1.81554	1.81554
7.45762	-6.53827	7.55408	-6.66768	-2.71515	-2.72683	-0.471745	1.85129	7.45	-6.55	1.82005	1.82005
7.74315	-6.44913	7.7963	-6.51612	-2.68085	-2.74155	-0.432322	0.518235	7.75	-6.45	2.72628	0.908764
7.9584	-6.34152	8.0263	-6.38452	-2.6101	-2.7596	-0.400906	0.462578	7.95	-6.35	1.81656	0.908281
8.24773	-6.1485	8.277	-6.2344	-2.61775	-2.76316	-0.358301	0.576605	8.25	-6.15	2.73005	1.82003
8.55156	-5.93992	8.55013	-6.06219	-2.68854	-2.75175	-0.305019	1.05384	8.55	-5.95	2.7269	1.81794
8.7543	-5.75242	8.79875	-5.8805	-2.69712	-2.72358	-0.240172	1.29078	8.75	-5.75	1.81843	1.81843
9.06113	-5.54128	9.06909	-5.68093	-2.76697	-2.68902	-0.176309	1.3863	9.05	-5.55	2.72465	1.81643
9.24452	-5.3352	9.30591	-5.47061	-2.76342	-2.6392	-0.103665	1.5675	9.25	-5.35	1.81916	1.81916
9.43645	-5.25801	9.51901	-5.30185	-2.67789	-2.61593	-0.0669786	0.629964	9.45	-5.25	1.81894	0.90947
9.64908	-4.9531	9.72652	-5.08062	-2.66132	-2.55492	0.00461267	1.57518	9.65	-4.95	1.81987	2.72981
9.86682	-4.74721	9.93139	-4.8557	-2.65724	-2.49691	0.0647273	1.1233	9.85	-4.75	1.81736	1.81735
10.0706	-4.54316	10.1292	-4.62977	-2.65247	-2.44238	0.114294	0.76843	10.05	-4.55	1.81805	1.81805
10.3431	-4.35107	10.3489	-4.4074	-2.69513	-2.4073	0.137649	0.228152	10.35	-4.35	2.72606	1.81737
10.4578	-4.07071	10.5265	-4.15747	-2.69366	-2.3416	0.190581	0.861557	10.45	-4.05	0.908953	2.72687
10.6424	-3.84126	10.6975	-3.90601	-2.69494	-2.28165	0.231394	0.509304	10.65	-3.85	1.81902	1.81903
10.8572	-3.53957	10.8776	-3.62667	-2.76568	-2.22089	0.268165	0.571644	10.85	-3.55	1.81931	2.72896
10.9372	-3.24816	11.0044	-3.34752	-2.80632	-2.14206	0.322648	1.00531	10.95	-3.25	0.999754	2.99928
11.135	-3.05697	11.1546	-3.07531	-2.80954	-2.09434	0.335509	0.0508294	11.15	-3.05	1.81763	1.81764
11.2571	-2.74346	11.2865	-2.7824	-2.83265	-2.036	0.358074	0.169381	11.25	-2.75	0.909648	2.72893
11.1393	-2.45312	11.3093	-2.50192	-2.76063	-1.92445	0.438266	2.1975	11.15	-2.45	-0.998725	2.99616
11.239	-2.16508	11.3451	-2.19781	-2.73156	-1.8272	0.490238	0.867533	11.25	-2.15	0.908805	2.7264
11.3424	-1.85113	11.3875	-1.88564	-2.75507	-1.74866	0.516266	0.227375	11.35	-1.85	0.909847	2.72953
