8.46292	0.243462	8.46292	0.243462	1	1	1	0	8.6	0.25	-3.00029	0
8.56759	0.241943	8.52681	0.264209	0.839127	1.30013	1.02044	1.21683	8.45	0.25	0	0
8.42544	0.254042	8.4439	0.304094	0.721545	2.12534	1.22441	30.7624	8.35	0.25	-1.81979	0
7.93286	0.188391	8.13922	0.487916	2.7715	3.1121	1.51059	63.6682	8.05	0.2	-3.99976	-0.99994
7.61269	0.155818	7.79098	0.405025	3.06699	-2.98559	1.51664	3.24453	7.7	0.15	-2.99982	0
7.50815	0.0953827	7.53393	0.191529	2.71041	-2.59947	1.70339	4.89526	7.45	0.100001	-1.8165	-0.908239
7.20598	0.00492725	7.24153	0.109618	2.84333	-2.62747	1.48524	3.07594	7.2	9.49949e-07	-2.72851	-0.909507
6.74585	-0.143185	6.9794	-0.128318	2.79186	-2.36962	1.59688	1.95801	6.95	-0.15	-1.81898	-1.81898
6.66966	-0.346668	6.74392	-0.296238	2.81969	-2.30759	1.44026	1.65227	6.75	-0.349999	-2.00076	-2.00075
6.60862	-0.557035	6.60705	-0.569716	2.80768	-2.07213	1.58677	1.67519	6.6	-0.549999	-0.998836	-1.99769
6.40696	-0.842921	6.48909	-0.860982	2.84595	-1.87427	1.63928	0.292781	6.5	-0.85	-0.908747	-3.63498
6.38626	-1.15695	6.34349	-1.03087	2.50506	-1.90244	1.27579	11.7632	6.35	-1.15	-1.81897	-1.81898
6.43125	-1.48148	6.38051	-1.43435	2.78977	-1.54434	1.65191	21.13	6.3	-1.45	0.909739	-3.63894
6.3228	-1.81431	6.32757	-1.61559	2.25604	-1.52264	1.37919	13.6019	6.3	-1.8	-0.999494	-2.9985
6.31851	-2.10969	6.36142	-1.96374	2.65248	-1.35093	1.43746	4.84837	6.3	-2.1	0.999984	-2.99994
6.32593	-2.40018	6.37284	-2.21724	2.37864	-1.27759	1.30565	5.83054	6.35	-2.4	0	-2.72613
6.43125	-2.71878	6.4487	-2.54136	2.56529	-1.16041	1.2735	1.23224	6.4	-2.7	0.909499	-2.72851
6.46536	-3.00452	6.50805	-2.79998	2.36211	-1.088	1.18436	4.00522	6.45	-3	0	-2.99754
6.52249	-3.32007	6.60288	-3.10537	2.54257	-1.0161	1.12782	1.75705	6.5	-3.3	0.910402	-2.7312
6.6358	-3.59197	6.74235	-3.428	2.79579	-0.938216	1.08524	2.13393	6.65	-3.6	1.81722	-2.72583
6.83625	-3.92723	6.87892	-3.71061	2.66704	-0.876089	1.01969	2.26189	6.8	-3.9	0.907988	-2.72396
6.86943	-4.18507	7.00763	-3.98516	2.57199	-0.82933	0.952029	2.07222	6.9	-4.2	0.909334	-2.72801
7.05156	-4.49706	7.11797	-4.22208	2.24839	-0.790625	0.882124	6.00014	7	-4.45	0.910054	-1.8201
7.10252	-4.67934	7.24629	-4.47134	2.28942	-0.759542	0.821181	1.36113	7.1	-4.7	0.908302	-2.72489
7.31379	-5.05204	7.42416	-4.77608	2.67402	-0.746096	0.753852	5.62243	7.25	-5	1.81907	-2.72861
7.29446	-5.23429	7.559	-5.04346	2.59035	-0.74185	0.682942	2.21672	7.4	-5.3	0.908194	-2.7246
7.63082	-5.61863	7.71981	-5.32182	2.60316	-0.739498	0.617833	1.60239	7.55	-5.55	1.81974	-1.81974
7.60376	-5.74774	7.85372	-5.57895	2.53055	-0.743328	0.554803	1.66866	7.7	-5.8	0.90983	-2.72951
7.82165	-6.06822	8.04804	-5.88347	3.01073	-0.750421	0.501542	8.55845	7.85	-6.1	1.9986	-2.9979
8.17338	-6.44684	8.21246	-6.15744	2.83399	-0.760812	0.444847	2.43335	8.05	-6.35	1.81738	-1.81739
8.08628	-6.51855	8.35328	-6.41725	2.70078	-0.772786	0.391588	1.66688	8.2	-6.6	0.909293	-2.72787
8.25648	-6.78122	8.50446	-6.68162	2.71515	-0.784285	0.345391	0.944718	8.35	-6.85	1.81994	-1.81993
8.39359	-7.01743	8.63754	-6.92869	2.66088	-0.799722	0.301292	0.93821	8.5	-7.1	1.00006	-3.00018
8.64403	-7.39047	8.81659	-7.21559	3.02832	-0.812907	0.268889	4.91892	8.65	-7.4	1.99807	-2.99712
8.87176	-7.71912	8.93501	-7.47591	2.63546	-0.846451	0.211394	6.23833	8.8	-7.65	0.909955	-1.8199
8.88333	-7.88636	9.07508	-7.74651	2.7344	-0.868681	0.175833	0.877404	8.9	-7.9	0.999086	-2.9973
8.8564	-8.01424	9.14287	-7.97661	2.37823	-0.911876	0.118016	5.1054	9	-8.15	0.909309	-1.8186
9.17781	-8.47056	9.28052	-8.25303	2.60528	-0.93374	0.0944953	2.00228	9.1	-8.4	1.0004	-3.00119
9.22922	-8.6898	9.35538	-8.50582	2.36115	-0.983722	0.0390807	2.78745	9.2	-8.65	0.909508	-1.819
9.37748	-9.00609	9.56991	-8.83929	3.24343	-0.963432	0.0773771	26.2259	9.35	-8.95	1.99965	-3.99928
9.50096	-9.25642	9.64087	-9.12364	2.86565	-1.02886	0.00464896	5.73657	9.5	-9.25	0.999584	-1.99917
9.47534	-9.42627	9.69761	-9.38976	2.6726	-1.0849	-0.0489007	1.98984	9.55	-9.5	0	-3.00023
9.69942	-9.88416	9.80175	-9.68696	2.84192	-1.11212	-0.0602476	1.12775	9.6	-9.8	0.999005	-2.997
9.60087	-9.96395	9.82529	-9.96308	2.56794	-1.18572	-0.128116	3.58054	9.7	-10.05	0.909855	-1.81969
9.92627	-10.4745	9.90466	-10.2558	2.60674	-1.22085	-0.144404	0.493227	9.75	-10.3	0	-3.00065
9.71825	-10.5087	9.96656	-10.5389	2.73151	-1.24786	-0.146102	1.17148	9.8	-10.6	0.90817	-2.72451
9.88465	-10.9383	9.98013	-10.8405	2.5551	-1.32139	-0.204473	1.81137	9.85	-10.9	0	-2.73074
9.83952	-11.1692	10.0058	-11.1264	2.60437	-1.36373	-0.217809	0.267828	9.85	-11.2	0	-2.99965
9.87961	-11.5637	10.0152	-11.4223	2.66432	-1.41182	-0.235279	0.266569	9.85	-11.5	0	-2.99843
9.85311	-11.8523	9.8994	-11.6989	2.22966	-1.56714	-0.382006	11.8407	9.8	-11.75	-1.0003	-2.00061
9.69694	-11.9706	9.86845	-11.9416	2.30148	-1.61444	-0.382202	0.378817	9.7	-12	-1.0004	-3.00119
9.72311	-12.3964	9.76374	-12.2018	2.15747	-1.73503	-0.469539	2.90672	9.6	-12.25	-0.999885	-1.99981
9.39039	-12.3902	9.57588	-12.4219	1.92793	-1.91743	-0.616917	7.19879	9.45	-12.45	-1.99803	-1.99805
9.34456	-12.7106	9.46673	-12.6303	1.96479	-2.00046	-0.628944	0.122014	9.3	-12.65	-0.909773	-1.81953
9.15326	-13.0031	9.15005	-12.8591	1.81618	-2.31043	-0.898561	17.4249	9.05	-12.85	-3.99257	-1.99629
8.71632	-12.9613	8.87888	-13.0288	1.93544	-2.52065	-1.01517	2.18032	8.75	-13	-1.8213	-0.910651
8.54518	-13.1702	8.55833	-13.1802	2.15962	-2.75374	-1.14757	2.82069	8.5	-13.1	-2.997	-0.999005
8.22926	-13.1698	8.17012	-13.2778	2.51847	-3.00986	-1.29587	4.73307	8.2	-13.15	-2.72741	0
7.82915	-13.0525	7.88531	-13.2693	2.5232	3.1159	-1.3111	0.610301	7.9	-13.15	-2.72986	0
7.66145	-13.3079	7.76875	-13.2592	2.02002	3.0537	-1.2096	7.75561	7.6	-13.2	-2.9979	-0.999304
7.21108	-13.0985	7.50033	-13.2225	2.12193	2.91714	-1.21272	1.11722	7.3	-13.25	-2.72846	0
6.88472	-12.9588	7.15806	-13.1383	2.53118	2.77004	-1.24286	5.04842	7	-13.2	-2.99784	0.999284
6.77424	-13.2337	6.89507	-13.0601	2.53078	2.65964	-1.22017	0.366922	6.7	-13.1	-2.72787	0.909275
6.40137	-13.0799	6.68842	-12.9787	2.13199	2.55701	-1.16338	6.3098	6.4	-13.05	-2.72678	0
6.10143	-13.0076	6.43401	-12.88	2.15509	2.46604	-1.12554	0.883838	6.1	-13	-2.72966	0.909888
5.79854	-12.8478	6.08401	-12.7321	2.76153	2.40968	-1.08892	9.32083	5.8	-12.85	-2.99777	1.99851
5.50547	-12.5721	5.8455	-12.6069	2.41209	2.35118	-1.02098	6.37929	5.55	-12.7	-1.81798	0.908995
5.27506	-12.4782	5.55325	-12.4202	2.70071	2.28788	-0.986741	2.47898	5.3	-12.55	-2.72627	1.81753
5.04446	-12.3808	5.29735	-12.2508	2.63213	2.23536	-0.938863	1.03786	5.05	-12.35	-1.8199	1.81989
4.75061	-11.9803	5.04486	-12.0411	2.74634	2.18218	-0.902967	1.06665	4.85	-12.15	-1.99928	1.99929
4.69113	-11.9084	4.82604	-11.8209	2.84371	2.12383	-0.876286	0.460169	4.7	-11.9	-0.908236	2.72471
4.59746	-11.6205	4.69063	-11.6035	2.51727	2.03484	-0.867055	3.56181	4.6	-11.65	-0.909847	1.81971
4.47442	-11.3673	4.42921	-11.2975	3.33227	2.01907	-0.805408	20.7944	4.5	-11.35	-1.0008	4.0032
4.43713	-11.024	4.3985	-11.0477	2.69385	1.89285	-0.837833	13.088	4.45	-11.05	0	1.81614
4.44745	-10.786	4.34923	-10.7575	2.69998	1.78386	-0.850984	0.121713	4.45	-10.8	0	2.72555
4.46329	-10.5756	4.34056	-10.4721	2.67073	1.66915	-0.869445	0.33055	4.45	-10.5	0	2.729
4.51895	-10.2367	4.38763	-10.1798	2.62147	1.53536	-0.903864	0.404381	4.5	-10.2	0.908962	2.72687
4.63224	-9.9707	4.45646	-9.88906	2.65428	1.4155	-0.917796	0.473259	4.6	-9.9	0.909756	2.72927
4.60757	-9.4335	4.5116	-9.56904	2.79023	1.33627	-0.883315	1.08459	4.7	-9.6	0.90859	2.72578
4.89179	-9.39473	4.69342	-9.27846	2.77122	1.17246	-0.948615	1.20998	4.85	-9.3	1.81967	2.72952
4.95209	-8.96272	4.88856	-9.00324	2.79347	1.02064	-1.00274	0.500487	5	-9.05	0.999884	1.99977
5.20806	-8.88942	5.03567	-8.77198	2.80078	0.95091	-0.953028	1.09942	5.15	-8.8	1.81805	2.72708
5.3785	-8.56768	5.26673	-8.53678	2.84813	0.822468	-0.98141	0.314038	5.35	-8.55	1.99956	1.99957
5.56465	-8.44845	5.43774	-8.34271	2.78255	0.765238	-0.917092	1.32708	5.5	-8.35	0.909045	1.81807
5.64921	-8.02513	5.60184	-8.12292	2.70578	0.735903	-0.815273	2.79977	5.7	-8.1	2.72608	2.72608
5.93492	-7.84119	5.81603	-7.90471	2.70292	0.688545	-0.74726	1.50423	5.95	-7.85	1.81801	1.81801
6.13741	-7.63243	6.02203	-7.69557	2.6545	0.661422	-0.659475	2.37325	6.15	-7.65	1.81798	1.81798
6.39143	-7.46358	6.24886	-7.49577	2.63261	0.629873	-0.591382	1.59182	6.35	-7.45	1.82027	1.82027
6.47916	-7.09783	6.51451	-7.2959	2.74703	0.563494	-0.60398	0.762005	6.6	-7.25	2.99862	1.99908
6.68682	-6.93297	6.65118	-7.10536	2.44269	0.609166	-0.432454	10.3175	6.8	-7.05	0.908005	1.816
7.08741	-6.92602	6.93079	-6.93525	2.56361	0.549336	-0.451287	0.672804	7	-6.85	2.72856	1.81904
7.29976	-6.68807	7.12768	-6.75157	2.37756	0.576538	-0.327593	5.8627	7.25	-6.65	1.8202	1.8202
7.53544	-6.5372	7.45027	-6.60113	2.69976	0.478779	-0.43454	6.84131	7.5	-6.5	2.99964	0.999884
7.67559	-6.34628	7.683	-6.44903	2.62733	0.463118	-0.391682	0.738379	7.75	-6.4	1.81709	0.908549
8.03231	-6.28406	7.93917	-6.30653	2.57765	0.441728	-0.358128	0.530407	8	-6.25	2.72931	1.81954
8.21488	-6.01843	8.13721	-6.14709	2.35267	0.469444	-0.260018	4.86527	8.25	-6.05	1.99977	1.99976
8.50318	-5.89335	8.43509	-6.00216	2.62214	0.423531	-0.301863	2.86037	8.5	-5.9	2.72796	0.909326
8.77185	-5.74314	8.64989	-5.83675	2.35803	0.46262	-0.19348	5.7974	8.75	-5.75	1.81776	1.81775
9.02394	-5.6024	8.86433	-5.68006	2.24286	0.492213	-0.12291	2.48136	8.95	-5.55	1.99657	1.99656
9.04088	-5.29691	9.13492	-5.5228	2.54017	0.461078	-0.17145	4.4506	9.2	-5.4	2.72728	0.909094
9.39579	-5.21659	9.33757	-5.33767	2.29813	0.521982	-0.0607533	5.3202	9.45	-5.25	1.81816	1.81815
9.75019	-5.14652	9.55319	-5.17066	2.19863	0.562855	0.0052476	2.23288	9.65	-5.05	1.82036	1.82036
9.9198	-4.86941	9.76048	-4.97779	2.14126	0.619744	0.075675	1.91348	9.85	-4.85	1.81578	1.81577
10.0029	-4.54771	9.94769	-4.75103	2.10344	0.700528	0.159952	2.19949	10.05	-4.6	1.82039	2.7306
10.1981	-4.26556	10.1409	-4.50464	2.16729	0.776494	0.219455	1.10508	10.25	-4.3	1.81769	2.72652
10.5985	-4.12247	10.3848	-4.29512	2.38617	0.769015	0.163004	2.98464	10.45	-4.05	1.81792	1.81792
10.7092	-3.85166	10.6014	-4.03824	2.49263	0.814773	0.185398	0.547783	10.65	-3.85	1.81903	1.81904
10.795	-3.60617	10.7441	-3.73972	2.40346	0.944263	0.321505	5.03993	10.8	-3.6	0.909773	2.72931
10.9584	-3.30584	10.9431	-3.51568	2.56237	0.923222	0.233481	3.76647	10.95	-3.3	1.99953	2.99928
11.1178	-2.98807	11.0669	-3.19071	2.5359	1.04863	0.358432	4.45512	11.1	-3	0.907725	2.72317
11.1491	-2.68183	11.1905	-2.86371	2.60908	1.13629	0.410955	0.849458	11.2	-2.7	0.908929	2.72678
11.1188	-2.36202	11.1738	-2.41701	2.61348	1.41745	0.734782	26.7119	11.2	-2.4	-0.909276	2.72782
11.2029	-2.09837	11.2856	-2.34387	2.19812	1.29329	0.442186	20.322	11.25	-2.1	1.81915	2.72871
11.3011	-1.79507	11.3264	-2.02075	2.29511	1.39132	0.500923	1.68232	11.35	-1.8	0	2.73035
11.0622	-1.44342	11.2694	-1.65554	2.44067	1.57858	0.682467	10.7791	11.3	-1.5	-0.999165	2.99748
11.1658	-1.23674	11.2136	-1.30778	2.64078	1.7219	0.783133	3.00676	11.2	-1.25	-0.909822	1.81964
10.8534	-0.929069	11.0378	-0.897124	3.0721	1.95245	0.999863	14.5507	11.05	-0.95	-1.99817	3.99632
10.8608	-0.663121	10.9367	-0.667987	2.8387	2.0165	0.932713	1.96557	10.9	-0.649999	-0.908549	1.8171
10.8451	-0.437482	10.7658	-0.379706	2.96759	2.14599	0.979759	1.2464	10.75	-0.45	-1.8174	1.81738
10.5062	-0.245062	10.4825	-0.0929508	3.36129	2.33274	1.11164	9.72865	10.5	-0.25	-2.72796	1.81864
10.4884	-0.0812124	10.2931	0.0621702	2.98106	2.43232	1.06838	3.97855	10.25	-0.0999996	-1.81964	0.909826
9.92588	0.00395802	10.0093	0.198111	2.99396	2.58275	1.10891	0.980916	10	9.49949e-07	-2.73049	0.910169
9.63973	0.0585714	9.71025	0.273006	2.94423	2.74118	1.14754	0.866112	9.7	0.0500011	-2.72439	0
9.32242	0.112393	9.39981	0.302038	2.88614	2.90402	1.18324	0.720774	9.4	0.100001	-2.72773	0.90923
9.0614	0.20077	9.09551	0.303757	2.80331	3.06048	1.20745	0.314006	9.1	0.2	-2.72652	0.908843
8.90199	0.247143	8.86155	0.234277	2.36642	-3.04273	1.25269	5.13925	8.85	0.25	-1.81847	0
8.46355	0.258809	8.50664	0.289566	2.94908	-2.99151	1.16032	10.5389	8.55	0.25	-3.6326	0
8.05161	0.241868	8.18839	0.219369	2.89182	-2.85763	1.16658	0.402615	8.2	0.25	-2.72841	0
7.78653	0.205765	7.88677	0.136503	2.85786	-2.74141	1.15641	0.28301	7.9	0.2	-2.72708	-0.909025
7.77346	0.0969346	7.60811	0.0471383	2.91797	-2.65775	1.11105	0.915175	7.6	0.100001	-2.73169	-0.910554
7.15329	0.0425189	7.28613	-0.0188808	3.11462	-2.63454	1.00401	3.7596	7.3	0.0500011	-2.99789	0
7.17215	-0.0469302	7.07828	-0.177803	2.82039	-2.49573	1.06031	3.93472	7.05	-0.0499995	-1.81811	-1.81813
6.83008	-0.250179	6.85417	-0.341359	2.73496	-2.39112	1.05527	0.37229	6.85	-0.25	-1.81646	-1.81646
6.74798	-0.457727	6.66653	-0.524681	2.66065	-2.28541	1.04994	0.28841	6.65	-0.45	-1.81901	-1.819
6.565	-0.754748	6.54125	-0.803851	2.55762	-2.08879	1.16366	3.8004	6.5	-0.749999	-0.909789	-3.63914
6.44213	-1.11266	6.42236	-1.06519	2.59559	-1.95956	1.16861	0.0800283	6.4	-1.1	-1.0002	-3.00061
6.39474	-1.36501	6.33122	-1.30281	2.59027	-1.86415	1.13386	0.470119	6.3	-1.35	-1.00035	-2.00072
6.24787	-1.61119	6.29633	-1.6314	2.75964	-1.67898	1.23851	3.31771	6.25	-1.6	0	-2.99288
6.41111	-1.93027	6.32656	-1.981	2.96939	-1.48643	1.33326	2.97875	6.3	-1.9	0.909739	-2.72921
6.53066	-2.26346	6.36963	-2.21356	2.62731	-1.37499	1.26997	3.44093	6.35	-2.2	0	-2.72782
6.27034	-2.51837	6.40121	-2.46868	2.45882	-1.26774	1.21997	1.85114	6.35	-2.55	0	-3.63689
6.45883	-2.92313	6.48891	-2.79344	2.67043	-1.14703	1.2085	1.17249	6.4	-2.9	0.908854	-2.72658
6.49154	-3.20004	6.5877	-3.08036	2.64164	-1.0454	1.16863	0.864053	6.5	-3.2	0.908863	-2.72658
6.70146	-3.53446	6.71348	-3.35231	2.5756	-0.94968	1.12628	1.22324	6.6	-3.5	0.908714	-2.72613
6.70956	-3.81739	6.84087	-3.63078	2.58305	-0.875377	1.07246	1.37239	6.7	-3.8	0.909565	-2.72871
6.73758	-4.06653	6.95806	-3.89013	2.48431	-0.818377	1.00836	2.42778	6.8	-4.1	0.908566	-2.72568
7.10395	-4.4909	7.14391	-4.20427	2.80973	-0.771392	0.947607	4.02812	6.95	-4.4	1.81821	-2.72732
7.02393	-4.64459	7.28571	-4.46905	2.68397	-0.737526	0.879138	2.65941	7.1	-4.7	0.91085	-2.73253
7.24619	-4.97657	7.41377	-4.71523	2.50203	-0.71708	0.809651	3.25522	7.2	-4.95	1.00033	-2.00068
7.22054	-5.09604	7.57473	-4.99435	2.91609	-0.711644	0.743739	7.71806	7.35	-5.2	1.9976	-2.9964
7.40989	-5.38617	7.68376	-5.21627	2.47161	-0.702517	0.678849	8.23316	7.5	-5.45	0.908252	-1.8165
7.39379	-5.52612	7.83167	-5.48103	2.6859	-0.702635	0.613812	4.51381	7.65	-5.7	1.81785	-2.72677
7.84699	-6.00602	7.95442	-5.71352	2.30827	-0.703589	0.551712	6.35457	7.8	-5.95	0.909078	-1.81815
7.89511	-6.1416	8.12684	-5.97789	2.6091	-0.706487	0.497209	4.12041	7.95	-6.2	1.8197	-2.72955
8.2234	-6.53735	8.32485	-6.26401	2.82277	-0.714749	0.443148	2.47943	8.15	-6.5	1.8187	-2.72807
8.32206	-6.77114	8.45095	-6.50724	2.4453	-0.734127	0.383344	5.87876	8.3	-6.75	0.908979	-1.81795
8.2713	-6.91098	8.57657	-6.76325	2.46831	-0.761308	0.324831	1.49872	8.4	-7	0.909094	-2.72732
8.54154	-7.25975	8.75182	-7.05287	2.76676	-0.783038	0.279155	3.82581	8.55	-7.3	1.81751	-2.72628
8.83598	-7.68162	8.87002	-7.3288	2.45965	-0.827939	0.212758	4.97067	8.7	-7.55	0.908615	-1.81723
8.77916	-7.72457	9.03558	-7.61031	2.76946	-0.84477	0.184313	3.98331	8.85	-7.8	1.8215	-2.73224
9.1081	-8.22433	9.18749	-7.91572	2.86102	-0.881495	0.139882	1.21475	9	-8.1	0.999025	-2.99707
9.13825	-8.4037	9.24972	-8.1815	2.41311	-0.949363	0.0622397	7.9434	9.1	-8.35	0.908285	-1.81657
9.22081	-8.59155	9.37429	-8.45458	2.54221	-0.975098	0.0393821	0.850991	9.2	-8.6	0.91012	-2.73036
9.30208	-8.90831	9.48244	-8.74706	2.6176	-1.01406	0.0068871	0.634067	9.3	-8.9	0.909524	-2.72856
9.39993	-9.18842	9.59258	-9.04298	2.77219	-1.04616	-0.0139174	1.13841	9.4	-9.2	0.999066	-2.99725
9.48751	-9.46421	9.67669	-9.34131	2.77022	-1.09269	-0.0501505	0.450304	9.5	-9.5	0.909706	-2.7291
9.57122	-9.75525	9.76252	-9.64651	2.83958	-1.13203	-0.0743059	0.481816	9.6	-9.8	1.00048	-3.00143
9.61433	-9.96417	9.80353	-9.92498	2.70868	-1.19064	-0.122025	1.18217	9.7	-10.05	0.998785	-1.99755
9.77731	-10.3295	9.82272	-10.2055	2.45649	-1.26625	-0.187347	3.22852	9.75	-10.3	0	-2.72851
9.89592	-10.7137	9.912	-10.5163	2.67068	-1.28162	-0.170533	1.74832	9.8	-10.6	0.909012	-2.72704
9.84397	-10.9287	9.92684	-10.8091	2.56925	-1.34617	-0.215545	0.872392	9.85	-10.9	0	-3.00318
9.74773	-11.0482	9.94862	-11.0754	2.6307	-1.38129	-0.221403	0.521437	9.85	-11.2	0	-3.00013
9.79495	-11.4686	9.96513	-11.3722	2.74579	-1.41718	-0.223816	0.571871	9.85	-11.5	0	-2.99592
9.76634	-11.6976	9.85002	-11.6504	2.29045	-1.57035	-0.371536	12.1267	9.8	-11.75	-0.908731	-1.81746
9.7856	-12.1262	9.80418	-11.936	2.28507	-1.64414	-0.401761	0.477566	9.7	-12	-0.909591	-2.72875
9.57233	-12.2948	9.73285	-12.2135	2.32232	-1.71536	-0.421137	0.202589	9.6	-12.3	-0.908879	-2.72667
9.37132	-12.4833	9.53492	-12.4736	2.10268	-1.9005	-0.571308	6.64944	9.45	-12.55	-1.82006	-1.82006
9.16109	-12.6848	9.25745	-12.7051	1.93449	-2.15462	-0.783434	11.0405	9.2	-12.75	-3.00047	-2.00033
8.85918	-12.7953	8.97501	-12.9026	1.98029	-2.38737	-0.941858	4.47693	8.95	-12.9	-1.81543	-0.907707
8.66865	-13.0114	8.76894	-13.0476	2.01674	-2.51798	-0.966422	0.181688	8.7	-13.05	-2.73134	-1.82089
8.27267	-12.996	8.2756	-13.2054	2.43412	-2.89881	-1.27071	18.6434	8.4	-13.15	-2.99683	0
8.04571	-13.0646	8.13401	-13.2081	2.15414	-2.96757	-1.19872	1.87854	8.1	-13.2	-2.72707	-0.909028
7.866	-13.4154	7.84755	-13.2569	2.30408	-3.11994	-1.22444	0.891475	7.8	-13.25	-2.7295	0
7.50783	-13.2944	7.58922	-13.2552	2.3318	3.03461	-1.22224	0.0500082	7.5	-13.25	-2.99994	0
7.19781	-13.1973	7.2641	-13.2069	2.62111	2.87988	-1.26221	2.37971	7.2	-13.2	-2.72698	0.908995
6.79473	-13.0433	6.98534	-13.1194	2.54936	2.748	-1.24386	0.687278	6.85	-13.15	-3.63709	0
6.54115	-13.2079	6.68809	-13.032	2.68207	2.63714	-1.2281	0.59507	6.5	-13.1	-3.0006	1.00018
6.27012	-13.1139	6.53357	-12.97	2.00535	2.54556	-1.15175	15.7059	6.25	-13.05	-1.81729	0
5.99498	-12.9442	6.20808	-12.855	2.45612	2.47351	-1.11422	4.39142	6	-12.95	-2.72861	1.81906
5.73761	-12.8672	5.96233	-12.7279	2.44839	2.39263	-1.07987	0.576676	5.7	-12.8	-2.99988	0.999964
5.45236	-12.7392	5.75107	-12.6184	2.24745	2.32827	-1.03331	2.63649	5.45	-12.7	-2.00001	1
5.26451	-12.5511	5.50827	-12.4663	2.46425	2.27034	-0.999565	1.51814	5.25	-12.55	-1.99732	1.99733
5.1317	-12.5744	5.28521	-12.3134	2.50868	2.21418	-0.962444	0.90525	5.05	-12.35	-1.8206	1.82059
4.89215	-12.1623	5.02592	-12.0714	3.00278	2.15489	-0.938328	7.38605	4.85	-12.1	-1.9998	2.99969
4.6421	-11.7788	4.8496	-11.8587	2.75277	2.08611	-0.912482	2.9136	4.7	-11.85	-1.00002	2.00003
4.58347	-11.632	4.65685	-11.6046	3.01292	2.0282	-0.886926	2.07292	4.6	-11.6	-0.998955	2.99688
4.46846	-11.2092	4.51452	-11.3103	3.13149	1.94651	-0.880021	0.543406	4.5	-11.3	-1.00106	3.00319
4.43672	-11.0976	4.50264	-11.0544	2.61003	1.80014	-0.933675	8.83939	4.45	-11.05	0	1.8168
4.40556	-10.7068	4.42179	-10.7734	2.72484	1.72344	-0.911181	0.493912	4.45	-10.8	0	3.00139
4.44716	-10.5583	4.48412	-10.5335	2.37844	1.56099	-0.988085	4.81971	4.45	-10.55	0	2.00041
4.45602	-10.2142	4.476	-10.286	2.45096	1.48114	-0.966536	0.302427	4.5	-10.3	0.999584	2.99875
4.56608	-10.005	4.4763	-10.0132	2.62857	1.4252	-0.910207	1.81664	4.55	-10	0	2.72717
4.62339	-9.6559	4.58318	-9.72153	2.59746	1.28476	-0.950875	0.388107	4.65	-9.7	1.8193	2.72895
4.74852	-9.27389	4.62882	-9.42485	2.77803	1.25415	-0.859317	3.1772	4.8	-9.4	1.00006	3.00019
4.98605	-9.20516	4.88294	-9.17307	2.66862	1.02674	-1.01908	5.67429	4.95	-9.15	2.00004	2.00005
5.12819	-8.95913	4.91069	-8.95437	2.67478	1.06773	-0.838429	6.77647	5.1	-8.9	0.999704	2.99911
5.33883	-8.81618	5.1638	-8.72314	2.68195	0.893171	-0.93758	2.69064	5.25	-8.65	1.81848	1.81849
5.38848	-8.31037	5.25624	-8.48316	2.65307	0.911749	-0.777981	5.99098	5.45	-8.4	2.00068	3.00103
5.56632	-8.04704	5.50539	-8.23996	2.76789	0.789517	-0.829515	1.31968	5.65	-8.15	1.99952	1.99953
5.78426	-7.91676	5.64433	-8.02451	2.7076	0.792286	-0.702564	4.24566	5.8	-7.95	0.999944	1.99989
5.92249	-7.69769	5.8464	-7.80547	2.75286	0.745878	-0.662694	0.662891	5.95	-7.75	1.99772	1.99772
6.16773	-7.55437	6.06538	-7.59489	2.7672	0.70073	-0.620993	0.616024	6.15	-7.55	1.8199	1.8199
6.25322	-7.17734	6.34611	-7.37914	2.90864	0.605568	-0.672722	1.69461	6.4	-7.35	2.99605	1.99736
6.67172	-7.23041	6.61971	-7.21128	2.94269	0.529285	-0.679735	0.0596927	6.65	-7.2	1.8206	0.910303
6.79888	-6.99594	6.77293	-7.06224	2.59862	0.537937	-0.549001	6.84239	6.85	-7.05	1.99848	1.99848
7.17955	-6.9446	7.03901	-6.9178	2.64783	0.480407	-0.54588	0.265781	7.1	-6.85	2.72688	1.81792
7.42782	-6.72337	7.23281	-6.76376	2.35475	0.494795	-0.417815	7.85111	7.35	-6.65	1.81821	1.81821
7.54452	-6.5069	7.47551	-6.60925	2.36829	0.470608	-0.387404	0.396933	7.55	-6.5	1.81726	0.908632
7.8635	-6.45394	7.77641	-6.47815	2.57899	0.404461	-0.43035	1.767	7.8	-6.4	2.72951	0.909839
7.89525	-6.11857	7.94952	-6.32546	2.28435	0.433851	-0.319893	6.18215	8.05	-6.25	2.00047	2.00048
8.31422	-6.05705	8.19667	-6.17934	2.33101	0.425875	-0.289838	0.466438	8.3	-6.05	2.72702	1.81801
8.53167	-5.90349	8.43148	-6.03114	2.31364	0.431653	-0.244084	0.814297	8.55	-5.9	2.00127	1.00064
8.88764	-5.82241	8.70502	-5.89922	2.49129	0.408772	-0.251946	1.09657	8.8	-5.75	2.99963	1.99976
9.21669	-5.64514	8.93752	-5.7358	2.35142	0.451283	-0.158808	4.16904	9.05	-5.55	1.99699	1.997
9.16723	-5.29709	9.14663	-5.54221	2.24434	0.508196	-0.0682571	3.24767	9.25	-5.35	1.8166	1.81659
9.39027	-5.1041	9.36175	-5.3358	2.20341	0.567633	0.0098559	2.06011	9.45	-5.15	1.8222	1.82219
9.62802	-5.02338	9.59614	-5.17422	2.35912	0.565025	-0.00916688	1.06583	9.65	-5	1.99604	0.998028
9.88102	-4.86216	9.79181	-4.97583	2.26406	0.630593	0.0748235	2.35615	9.85	-4.85	1.81895	1.81894
10.0747	-4.62454	9.98239	-4.75275	2.19778	0.710469	0.163073	2.44323	10.05	-4.6	1.81966	2.72951
10.1743	-4.32841	10.1782	-4.52531	2.27159	0.761851	0.192312	0.501474	10.25	-4.35	1.81908	1.81907
10.56	-4.15868	10.3815	-4.29379	2.3591	0.811958	0.220919	0.632928	10.45	-4.1	2.00061	3.0009
10.7738	-3.89129	10.6096	-4.078	2.56747	0.804915	0.166488	2.60007	10.65	-3.85	1.99963	1.99964
10.7674	-3.58281	10.7231	-3.77213	2.40645	0.963431	0.349234	10.0364	10.8	-3.6	0.999844	2.99952
10.9601	-3.36033	10.9156	-3.56793	2.55998	0.930824	0.242019	5.05206	10.95	-3.35	2.00065	2.00064
11.0282	-3.07488	11.0217	-3.26347	2.50448	1.05632	0.373318	5.15709	11.1	-3.1	0.998546	2.99563
11.1386	-2.78926	11.0848	-2.89597	2.50708	1.24761	0.582104	11.7532	11.15	-2.8	0	2.73104
11.1042	-2.54354	11.1347	-2.55814	2.59646	1.38132	0.677251	2.00377	11.15	-2.55	0	1.81785
11.1658	-2.25651	11.2526	-2.43772	2.3357	1.27816	0.420191	16.5974	11.25	-2.25	1.99733	3.99465
11.3117	-1.92025	11.2995	-2.12453	2.41265	1.37059	0.481508	1.62395	11.35	-1.95	0	1.81854
11.4185	-1.70062	11.3457	-1.8141	2.48656	1.44309	0.507285	0.39689	11.35	-1.7	0	2.72762
11.2541	-1.38373	11.2814	-1.46319	2.59817	1.62914	0.698614	10.2339	11.3	-1.4	-0.908846	2.72653
11.0754	-1.08747	11.1504	-1.05809	2.93414	1.84414	0.904885	11.9319	11.15	-1.1	-1.82014	2.73021
10.9247	-0.791254	11.0243	-0.754321	2.99997	1.96403	0.940533	0.489735	11	-0.799999	-1.00036	3.00107
10.7146	-0.485949	10.8245	-0.432438	3.26588	2.12207	1.03961	4.315	10.85	-0.5	-2.00003	3.00006
10.6895	-0.304531	10.6502	-0.20256	3.13291	2.22328	1.02585	0.437493	10.65	-0.3	-1.81779	0.908892
10.5032	-0.154501	10.3878	0.0331184	3.38092	2.38057	1.11384	5.11234	10.4	-0.15	-3.00061	2.00041
10.1407	-0.0721585	10.1807	0.133754	2.97237	2.49133	1.091	3.91175	10.15	-0.0499992	-1.99645	0
10.0898	-0.00166396	9.93112	0.233282	2.94507	2.63242	1.12766	1.292	9.9	9.49949e-07	-2.73175	0.910584
9.50402	0.0833188	9.61791	0.310149	3.05478	2.78582	1.171	1.90515	9.6	0.100001	-2.99544	0.998471
9.22819	0.16178	9.37307	0.278931	2.5165	2.95339	1.19894	7.12071	9.35	0.15	-1.81963	0
9.0729	0.205961	9.07914	0.315785	2.73414	3.07594	1.19776	1.60184	9.1	0.2	-3.00059	1.0002
8.84168	0.257617	8.79906	0.311353	2.81491	-3.08617	1.19959	0.300568	8.8	0.25	-2.99995	0
8.43549	0.247188	8.50833	0.274228	2.85321	-2.9637	1.20059	0.116946	8.5	0.25	-2.99323	0
8.27073	0.243988	8.23164	0.208531	2.79809	-2.83751	1.20275	0.13033	8.2	0.25	-2.73233	0
7.98053	0.204587	7.9428	0.152223	2.90323	-2.75398	1.15698	0.741941	7.9	0.2	-3.00234	-1.00078
7.46173	0.143776	7.62791	0.0946202	3.10049	-2.70611	1.07884	2.61146	7.6	0.15	-2.99599	0
7.37986	0.0951006	7.40082	-0.0532011	2.77899	-2.55518	1.13873	4.75779	7.35	0.100001	-1.81801	-0.908998
7.32548	-0.0461763	7.13424	-0.123433	2.8951	-2.53809	1.01292	4.49167	7.1	-0.0499995	-2.72495	-1.81664
7.09668	-0.264116	6.98657	-0.357499	2.51542	-2.32796	1.15221	9.83733	6.9	-0.25	-0.910634	-1.82126
6.64638	-0.45061	6.70815	-0.404946	2.75701	-2.4152	0.876989	21.4532	6.7	-0.45	-2.99641	-1.99759
6.50462	-0.718	6.55736	-0.681296	2.59106	-2.22536	1.00636	5.69323	6.5	-0.7	-0.909955	-2.72986
6.42547	-0.999512	6.43491	-0.97873	2.59761	-2.04089	1.111	2.48403	6.4	-1	-0.999224	-2.99766
6.14523	-1.27904	6.29789	-1.24271	2.64754	-1.93637	1.09049	0.52513	6.3	-1.3	-0.908722	-2.72618
6.37158	-1.60661	6.3008	-1.68123	2.92449	-1.63341	1.35229	16.0554	6.3	-1.6	0.910485	-2.73144
6.34	-1.88987	6.30608	-1.93745	2.79162	-1.50852	1.33	0.379504	6.35	-1.9	0	-2.99515
6.45002	-2.23466	6.33758	-2.17869	2.59225	-1.39434	1.28557	1.62394	6.35	-2.2	0	-2.72856
6.4979	-2.56206	6.42184	-2.49839	2.7494	-1.24145	1.30329	0.749484	6.4	-2.5	0.908227	-2.7247
6.46538	-2.81029	6.47636	-2.68868	2.21025	-1.14229	1.22144	10.0306	6.45	-2.8	0	-2.72732
6.36717	-3.08903	6.56357	-2.99566	2.50678	-1.04146	1.1927	2.64194	6.5	-3.15	0.909078	-3.6363
6.6454	-3.53435	6.6769	-3.28139	2.50424	-0.95547	1.13762	1.77714	6.6	-3.5	0.910038	-2.7301
6.70981	-3.81998	6.79167	-3.55417	2.4388	-0.887091	1.07224	2.43742	6.7	-3.8	0.908095	-2.7243
6.72525	-4.05329	6.89461	-3.8081	2.30776	-0.835998	1.00017	3.20573	6.8	-4.1	0.910949	-2.73284
6.86491	-4.32753	6.98565	-4.03465	2.11129	-0.799852	0.927698	4.14479	6.9	-4.35	0.999834	-1.99968
6.99339	-4.57763	7.13328	-4.31817	2.57599	-0.779527	0.863251	7.65024	7.05	-4.6	1.99653	-2.99479
7.11889	-4.79341	7.24982	-4.54559	2.40085	-0.758971	0.798291	2.90846	7.2	-4.85	1.00098	-2.00196
7.28536	-5.09276	7.38305	-4.79331	2.37973	-0.746137	0.73177	1.91003	7.3	-5.1	0.90969	-2.72906
7.33914	-5.30864	7.56417	-5.09333	2.87447	-0.745278	0.667043	9.13145	7.45	-5.4	1.99976	-2.99964
7.59167	-5.64447	7.68473	-5.33855	2.55923	-0.754981	0.594255	5.41629	7.6	-5.65	1.00038	-2.00076
7.6402	-5.81769	7.8468	-5.61713	2.77522	-0.760311	0.536107	2.70725	7.75	-5.9	1.81659	-2.7249
7.91394	-6.15143	7.97128	-5.86414	2.39314	-0.77076	0.471013	6.50293	7.9	-6.15	0.909251	-1.81851
8.10134	-6.38026	8.1421	-6.12878	2.54189	-0.770761	0.427066	1.44044	8.05	-6.35	1.81576	-1.81577
8.3424	-6.65648	8.34469	-6.40756	2.77884	-0.766735	0.391938	2.31255	8.25	-6.6	1.8218	-2.73269
8.46635	-6.96022	8.50538	-6.67805	2.65605	-0.781759	0.34133	1.6824	8.4	-6.9	0.907987	-2.72401
8.53661	-7.23635	8.65241	-6.96295	2.64063	-0.809778	0.285797	1.11196	8.5	-7.2	0.910054	-2.73014
8.70486	-7.48959	8.80374	-7.2418	2.72021	-0.833491	0.24179	0.952462	8.65	-7.45	1.99827	-1.99828
8.74707	-7.66927	8.93224	-7.50956	2.68671	-0.862214	0.196207	0.726574	8.8	-7.7	0.909061	-2.72717
8.88546	-7.96913	9.05729	-7.79136	2.63697	-0.896567	0.148994	0.777645	8.9	-8	0.908945	-2.72688
9.03618	-8.239	9.18197	-8.07182	2.6217	-0.928581	0.108865	0.525942	9.05	-8.25	1.82026	-1.82027
9.14011	-8.44049	9.32559	-8.34875	2.81622	-0.944027	0.09184	1.59332	9.2	-8.5	0.999884	-2.99963
9.23666	-8.722	9.43504	-8.62125	2.8227	-0.97681	0.0578031	0.476628	9.3	-8.8	0.999284	-2.99783
9.47823	-9.13791	9.50807	-8.89888	2.50556	-1.03636	-0.00584753	4.71775	9.4	-9.05	0.909209	-1.81844
9.44585	-9.27158	9.60815	-9.17814	2.56613	-1.0677	-0.0285014	0.382517	9.5	-9.3	0.908483	-2.72543
9.6872	-9.68187	9.72185	-9.47811	2.65405	-1.09595	-0.0455939	0.524058	9.6	-9.6	0.909756	-2.72927
9.86489	-10.0711	9.84723	-9.79401	2.84012	-1.11594	-0.050415	1.58945	9.7	-9.9	0.998626	-2.99586
9.75497	-10.1932	9.874	-10.0778	2.54469	-1.19194	-0.121632	4.0225	9.75	-10.2	0	-2.72857
9.77249	-10.4428	9.94656	-10.3761	2.6602	-1.22293	-0.129394	0.641909	9.8	-10.5	0.909773	-2.7293
9.86786	-10.8223	9.9598	-10.6775	2.48471	-1.29957	-0.190452	1.93899	9.85	-10.8	0	-2.72846
9.84594	-11.0973	9.97847	-10.977	2.48905	-1.3563	-0.219173	0.245991	9.85	-11.1	0	-2.72748
9.8926	-11.4631	10.0027	-11.282	2.59856	-1.39733	-0.22626	0.530363	9.85	-11.4	0	-2.9967
9.89882	-11.7746	9.95507	-11.5834	2.4338	-1.49662	-0.302427	2.50892	9.8	-11.7	-0.909227	-2.72768
9.75738	-12.0161	9.88074	-11.8819	2.3334	-1.60019	-0.370777	1.44905	9.7	-12	-0.908714	-2.72613
9.60373	-12.2428	9.74162	-12.1613	2.15556	-1.74752	-0.480652	3.78137	9.6	-12.25	-0.909639	-1.81931
9.38815	-12.3607	9.52668	-12.4038	1.9258	-1.95491	-0.6461	8.03468	9.45	-12.45	-1.81824	-1.81825
9.33568	-12.8372	9.29014	-12.6517	1.85963	-2.18001	-0.809441	6.46596	9.2	-12.65	-2.72578	-1.81718
8.97697	-12.8161	9.11149	-12.8265	1.89159	-2.30785	-0.844149	0.285331	8.95	-12.85	-1.8192	-1.81921
8.64934	-12.9537	8.88291	-12.9896	1.95617	-2.45565	-0.89194	0.757572	8.7	-13.05	-2.72781	-1.81854
8.43462	-13.263	8.39968	-13.1892	2.33494	-2.83334	-1.19109	17.9243	8.4	-13.15	-2.72644	0
8.10139	-13.1447	8.02839	-13.2639	2.63609	-3.05593	-1.29832	2.48325	8.1	-13.15	-3.00083	0
7.85182	-13.2702	7.8809	-13.2596	2.28763	-3.12062	-1.21456	3.04642	7.8	-13.2	-2.72553	-0.908516
7.51359	-13.2891	7.51661	-13.2516	2.65201	2.98181	-1.27836	4.18862	7.5	-13.2	-2.72544	0.908483
7.19553	-13.2012	7.28625	-13.2022	2.41074	2.86743	-1.23451	1.96576	7.2	-13.15	-2.73035	0
6.87644	-13.2105	7.02548	-13.1352	2.36909	2.74384	-1.21526	0.313973	6.85	-13.15	-3.63616	0
6.53838	-13.1322	6.85688	-13.0686	1.87394	2.63207	-1.16012	8.5909	6.55	-13.15	-1.81656	0
6.22921	-13.0167	6.58435	-12.9805	2.05067	2.53666	-1.12897	1.23997	6.3	-13.1	-2.73109	0.910352
5.95573	-12.8757	6.24404	-12.8348	2.58903	2.45313	-1.10805	7.21356	6	-12.95	-2.72331	1.81553
5.73901	-12.8863	5.9956	-12.713	2.42399	2.38031	-1.05556	2.05613	5.7	-12.8	-2.72842	0.909475
5.41889	-12.6989	5.70265	-12.5484	2.65217	2.31675	-1.01659	1.79557	5.4	-12.65	-2.731	1.82067
5.16911	-12.5003	5.43702	-12.3761	2.65999	2.25816	-0.971687	0.736742	5.15	-12.45	-1.81821	1.8182
4.99996	-12.3538	5.19959	-12.2024	2.66905	2.20554	-0.932142	0.562749	4.95	-12.25	-1.99957	1.99957
4.83937	-12.0439	5.02315	-12.031	2.46668	2.14268	-0.903202	1.91143	4.8	-12.05	-0.999954	1.99993
4.5839	-11.6711	4.78048	-11.779	2.94138	2.09855	-0.869729	6.8425	4.65	-11.8	-2.0002	3.00031
4.53697	-11.5591	4.65698	-11.5773	2.55425	2.02033	-0.858757	5.18708	4.55	-11.55	0	1.99749
4.47604	-11.2089	4.45897	-11.2695	3.13203	1.97246	-0.821671	10.3704	4.5	-11.25	-0.90916	3.63662
4.39651	-10.8822	4.46152	-11.0016	2.4803	1.81462	-0.881967	14.2543	4.45	-10.95	0	1.81807
4.493	-10.7885	4.417	-10.7344	2.51914	1.71611	-0.881741	0.160247	4.45	-10.7	0	2.72865
4.44399	-10.3941	4.40657	-10.4475	2.54152	1.60942	-0.888038	0.0592528	4.45	-10.4	0	2.72392
4.53204	-10.1814	4.44398	-10.1647	2.53801	1.49114	-0.905081	0.108484	4.5	-10.1	0.909624	2.72885
4.57622	-9.70975	4.52482	-9.86095	2.56127	1.36119	-0.929653	0.360282	4.6	-9.8	0.909111	2.72733
4.76628	-9.54952	4.6496	-9.57539	2.58557	1.22667	-0.956487	0.22227	4.75	-9.5	1.81921	2.7288
4.89701	-9.18082	4.7488	-9.28273	2.70628	1.15962	-0.901046	1.46585	4.9	-9.2	0.908739	2.72622
5.09012	-9.06486	4.98999	-9.01821	2.69607	0.968379	-1.00103	1.91253	5.05	-8.95	1.8169	1.81688
5.21345	-8.63875	5.13012	-8.76288	2.71677	0.915966	-0.925365	1.38848	5.25	-8.7	1.8201	2.73014
5.35874	-8.39385	5.30281	-8.51043	2.74662	0.85277	-0.871624	0.884884	5.4	-8.45	0.910244	1.82049
5.63723	-8.3352	5.4134	-8.28757	2.69434	0.874204	-0.712246	7.21085	5.55	-8.2	1.99657	2.99484
5.69655	-7.84304	5.65798	-8.03594	2.80005	0.777906	-0.736976	0.797427	5.75	-7.95	1.81871	1.81872
5.9537	-7.7033	5.92473	-7.80311	2.88357	0.682575	-0.755032	0.28018	6	-7.75	2.72961	1.81974
6.27	-7.55894	6.13011	-7.60229	2.80684	0.656658	-0.670208	2.13922	6.25	-7.55	1.9992	1.9992
6.44365	-7.32743	6.34497	-7.4024	2.75611	0.631511	-0.597512	1.7223	6.45	-7.35	1.81911	1.81911
6.71635	-7.22979	6.57412	-7.22231	2.71605	0.600045	-0.54313	1.18672	6.65	-7.15	1.99996	1.99996
6.81357	-6.96259	6.82162	-7.05322	2.77721	0.54377	-0.549501	0.180366	6.85	-7	1.99752	0.998765
7.00414	-6.76319	7.0549	-6.8857	2.73335	0.509326	-0.516107	0.560596	7.1	-6.85	2.73035	1.82023
7.28718	-6.59248	7.25602	-6.71878	2.55013	0.512529	-0.423728	3.62417	7.35	-6.65	2.0006	2.0006
7.58756	-6.53752	7.50235	-6.57687	2.59715	0.476442	-0.415609	0.126638	7.55	-6.5	1.99841	0.999204
7.78988	-6.37954	7.8072	-6.44582	2.87405	0.397453	-0.485984	3.71921	7.8	-6.4	2.99952	0.999844
8.1289	-6.31809	7.97208	-6.32114	2.3531	0.4311	-0.336775	13.6267	8.05	-6.25	1.81603	1.81603
8.12981	-5.95044	8.15733	-6.1636	2.12963	0.454588	-0.247406	4.94309	8.25	-6.05	1.81921	1.81921
8.45627	-5.87026	8.45554	-6.0194	2.47621	0.405347	-0.300437	5.00254	8.5	-5.9	2.729	0.909673
8.68227	-5.68169	8.71797	-5.86585	2.51728	0.396861	-0.276503	0.475853	8.8	-5.75	2.72771	1.81848
8.99196	-5.51961	8.92533	-5.69534	2.29954	0.444357	-0.171903	4.88441	9.05	-5.55	1.99939	1.9994
9.25593	-5.41629	9.15687	-5.54093	2.29345	0.462421	-0.129386	0.662993	9.25	-5.4	1.81776	0.90888
9.35852	-5.15981	9.31168	-5.33939	1.92626	0.563804	0.0281345	12.3546	9.45	-5.2	1.81545	2.72317
9.60543	-4.91132	9.52366	-5.14325	2.01272	0.610421	0.068948	0.818247	9.65	-4.95	1.82145	1.82147
10.0131	-4.84834	9.75574	-4.95656	2.12167	0.643417	0.0916028	0.961057	9.85	-4.75	1.81961	1.8196
9.99978	-4.51909	9.96283	-4.74812	2.23097	0.684373	0.115188	0.68177	10.05	-4.55	1.99827	1.99828
10.1567	-4.25503	10.1405	-4.49683	2.233	0.776794	0.203047	2.06001	10.25	-4.3	1.81693	2.72538
10.3715	-4.04505	10.3569	-4.27326	2.40195	0.787037	0.169721	1.69242	10.45	-4.05	1.81951	1.8195
10.6459	-3.84961	10.5769	-4.02788	2.53371	0.812156	0.164085	0.635476	10.65	-3.85	1.81817	1.81818
10.9384	-3.6422	10.7946	-3.76781	2.62208	0.849168	0.179734	0.426381	10.85	-3.6	1.81621	2.7243
11.1095	-3.32647	10.941	-3.44557	2.52816	0.985019	0.330441	6.80752	11	-3.3	0.908632	2.72588
10.9851	-2.95299	11.0648	-3.11978	2.57104	1.09017	0.410278	1.66857	11.1	-3	0.909905	2.72971
11.0233	-2.67356	11.1113	-2.73451	2.58717	1.2845	0.608502	9.73685	11.15	-2.7	0	2.72847
11.2541	-2.42353	11.1616	-2.38667	2.68553	1.42068	0.70563	2.31857	11.15	-2.4	0	2.72732
11.2203	-2.08998	11.2868	-2.26289	2.37926	1.31002	0.43344	18.7312	11.25	-2.1	1.81905	2.72856
11.3928	-1.80815	11.2533	-1.93797	2.34487	1.50737	0.652632	17.2834	11.3	-1.8	-0.90916	2.72747
11.3341	-1.51762	11.2685	-1.6328	2.42359	1.58543	0.658494	0.221333	11.25	-1.5	0	2.72321
11.3121	-1.19064	11.2083	-1.268	2.65318	1.74312	0.786752	5.66714	11.2	-1.2	-0.909524	2.72856
10.9982	-0.893223	11.0395	-0.865939	3.05138	1.96076	0.985362	12.5044	11.05	-0.9	-1.81945	2.72916
10.8362	-0.586	10.9139	-0.595777	2.92107	2.04631	0.946072	0.74174	10.9	-0.599999	-0.909839	2.72952
10.6309	-0.359954	10.6372	-0.254049	3.45291	2.25445	1.12348	16.6026	10.7	-0.349999	-2.99538	1.99692
10.4322	-0.19515	10.4545	-0.0828213	3.0612	2.34249	1.06377	4.14483	10.45	-0.2	-1.81715	0.908579
10.2068	-0.109014	10.1874	0.088798	3.10075	2.48962	1.10743	1.15988	10.2	-0.0999996	-2.73194	0.910655
9.89001	0.00816785	9.90614	0.200742	3.0097	2.63834	1.13596	0.595541	9.9	9.49949e-07	-2.72481	0.908268
9.63528	0.0929341	9.67322	0.218659	2.51055	2.79038	1.14381	5.44795	9.65	0.100001	-1.81759	0.908784
9.56225	0.148577	9.41237	0.271296	2.57675	2.92659	1.15905	0.794846	9.4	0.15	-2.72659	0
9.0821	0.207802	9.12416	0.289849	2.60343	3.06759	1.17217	0.18434	9.1	0.2	-2.72925	0.909752
8.94634	0.26481	8.83605	0.296518	2.69319	-3.09202	1.16846	0.452564	8.8	0.25	-2.72783	0
8.46866	0.251128	8.53071	0.263981	2.73443	-2.96457	1.1662	0.0941701	8.5	0.25	-2.72395	0
8.28111	0.196974	8.23481	0.202417	2.79506	-2.84729	1.15449	0.172117	8.2	0.2	-2.73278	-0.910929
7.74678	0.154598	7.84581	0.202779	3.37827	-2.84932	1.01213	14.2565	7.85	0.15	-3.9992	0
7.61982	0.157052	7.61354	0.0570181	2.91571	-2.68474	1.09411	8.64456	7.55	0.15	-1.99868	0
7.34481	0.102019	7.32945	-0.00412471	2.9798	-2.64146	1.01875	1.33282	7.3	0.100001	-2.72622	-0.908734
7.05721	-0.05037	7.08579	-0.156936	2.79178	-2.5167	1.04622	1.61916	7.05	-0.0499995	-1.81887	-1.81889
6.87212	-0.243254	6.86758	-0.32427	2.69223	-2.40302	1.05399	0.460108	6.85	-0.25	-1.81792	-1.81792
6.75759	-0.453523	6.66201	-0.49	2.68535	-2.32418	1.01081	0.539462	6.65	-0.45	-1.81881	-1.8188
6.60439	-0.765755	6.48485	-0.727218	2.69793	-2.20663	1.01561	0.202587	6.45	-0.749999	-1.81971	-3.63941
6.35624	-1.10001	6.41152	-1.12144	2.68332	-1.91081	1.27328	15.5888	6.35	-1.1	0	-2.99522
6.30992	-1.40686	6.34769	-1.43672	2.76997	-1.73431	1.33355	0.788018	6.35	-1.4	0	-2.72817
6.50996	-1.74616	6.34304	-1.73238	2.74805	-1.5805	1.34183	0.365492	6.35	-1.7	0	-2.72628
6.38849	-2.02257	6.34215	-1.97518	2.53435	-1.4737	1.27761	2.02575	6.35	-2	0	-2.73154
6.28921	-2.27735	6.34997	-2.21023	2.37076	-1.37452	1.22182	1.86526	6.35	-2.3	0	-2.99503
6.30986	-2.56694	6.40768	-2.51951	2.62035	-1.24496	1.23345	1.66617	6.4	-2.6	0.909996	-2.73
6.40481	-2.87127	6.49427	-2.81076	2.65536	-1.12721	1.21239	0.299865	6.5	-2.9	0.907593	-2.72277
6.70928	-3.32749	6.59696	-3.06714	2.41245	-1.03002	1.15322	4.37411	6.55	-3.25	0	-3.63617
6.52015	-3.55608	6.69474	-3.36345	2.50862	-0.958306	1.09489	1.78762	6.6	-3.6	0.909673	-2.72901
6.71319	-3.83967	6.81865	-3.63974	2.52148	-0.888208	1.04104	1.34191	6.75	-3.85	1.81795	-1.81795
7.13409	-4.28567	7.00314	-3.94311	2.71346	-0.819938	0.993406	2.65888	6.9	-4.15	0.909979	-3.63994
7.00947	-4.44692	7.12233	-4.18083	2.3739	-0.774012	0.924432	6.35972	7	-4.45	0.907889	-1.81577
7.15974	-4.75194	7.27116	-4.45989	2.49389	-0.746834	0.853765	2.17685	7.1	-4.7	0.909789	-2.72935
7.2829	-5.01975	7.45655	-4.77003	2.84542	-0.73119	0.783939	5.13691	7.25	-5	1.81861	-2.72792
7.32687	-5.26205	7.58738	-5.03701	2.70032	-0.730775	0.708077	2.97042	7.4	-5.3	0.999994	-3
7.47116	-5.48352	7.71929	-5.29284	2.61407	-0.730055	0.64139	1.97014	7.55	-5.55	1.81749	-1.81749
7.78563	-5.85993	7.86806	-5.55573	2.4983	-0.729517	0.577805	2.14868	7.7	-5.8	0.909598	-2.72881
7.79663	-6.00945	8.01108	-5.81351	2.50935	-0.733903	0.518582	1.30964	7.85	-6.05	1.81964	-1.81964
8.04642	-6.30578	8.2134	-6.10544	2.96463	-0.736371	0.471784	7.47301	8.05	-6.3	1.99731	-2.99599
8.26534	-6.60186	8.33984	-6.34058	2.52212	-0.74885	0.415083	7.74004	8.2	-6.55	0.909111	-1.81822
8.2109	-6.73286	8.47822	-6.59721	2.54792	-0.76505	0.36253	1.20763	8.3	-6.8	0.90845	-2.72534
8.61718	-7.22425	8.67585	-6.90612	2.86519	-0.78224	0.316494	4.10102	8.45	-7.1	1.81925	-2.72886
8.69659	-7.3744	8.83767	-7.18364	2.80133	-0.801863	0.269902	0.825544	8.65	-7.35	1.82079	-1.8208
8.68846	-7.50096	8.9843	-7.44842	2.86551	-0.821757	0.230314	1.22307	8.8	-7.6	0.997629	-2.99288
8.77486	-7.80083	9.07282	-7.70437	2.58811	-0.866174	0.169205	3.62612	8.9	-7.9	0.909127	-2.72742
8.92041	-8.11276	9.15122	-7.9642	2.3506	-0.915852	0.108544	2.77858	9	-8.15	0.909524	-1.81903
9.04724	-8.3711	9.25935	-8.23199	2.4361	-0.949169	0.0736719	0.827228	9.1	-8.4	0.909922	-2.72975
9.09379	-8.55764	9.40056	-8.51872	2.77051	-0.963738	0.0644778	4.72526	9.25	-8.7	1.8169	-2.72535
9.40597	-8.96981	9.52066	-8.81253	2.73345	-0.999683	0.0284616	0.441529	9.4	-9	0.910219	-2.73069
9.51544	-9.36256	9.62504	-9.12137	2.77475	-1.04395	-0.0085024	0.622044	9.5	-9.3	0.997908	-2.99371
9.62711	-9.59131	9.67151	-9.3995	2.45393	-1.11606	-0.0790136	4.73572	9.6	-9.55	0.909971	-1.81993
9.63311	-9.79216	9.72956	-9.67049	2.35739	-1.16783	-0.117886	0.702532	9.65	-9.8	0	-2.73054
9.61381	-9.98703	9.8248	-9.94735	2.64648	-1.17786	-0.101826	3.31516	9.7	-10.1	0.998187	-2.99456
9.7698	-10.3568	9.89949	-10.2439	2.73049	-1.21019	-0.11467	0.354357	9.8	-10.4	0.909806	-2.7294
9.8617	-10.6917	9.92488	-10.5474	2.54637	-1.28253	-0.173813	2.02508	9.85	-10.7	0	-2.72718
9.75887	-10.887	9.92916	-10.8367	2.45645	-1.35107	-0.219127	0.805751	9.85	-11	0	-2.72395
9.87245	-11.316	9.94994	-11.1431	2.50877	-1.4006	-0.236497	0.276631	9.85	-11.3	0	-2.73074
9.93142	-11.6783	9.96057	-11.4599	2.55053	-1.45239	-0.255371	0.429005	9.85	-11.6	0	-2.72396
9.80843	-11.8702	9.92296	-11.7542	2.50119	-1.52763	-0.299814	0.573921	9.8	-11.9	-1.0005	-3.00149
9.64519	-12.1714	9.71834	-12.0307	2.00733	-1.74848	-0.507	18.9478	9.65	-12.15	-1.81799	-1.81797
9.47014	-12.4324	9.63175	-12.2853	2.0815	-1.82419	-0.515752	0.335055	9.45	-12.4	-1.82042	-2.73064
9.21558	-12.6577	9.40526	-12.5371	1.95486	-2.02819	-0.668523	5.72204	9.25	-12.65	-1.99893	-1.99891
9.08802	-12.8351	9.21716	-12.7515	1.97536	-2.17428	-0.741844	0.976215	9.05	-12.85	-1.81839	-1.81839
8.8569	-13.1416	8.81166	-13.0045	2.06304	-2.53354	-1.03828	16.4613	8.8	-13	-2.72942	-0.909806
8.49168	-13.0983	8.62341	-13.1132	2.05303	-2.63581	-1.02595	0.184387	8.5	-13.15	-2.99987	-1.99991
8.19421	-13.0768	8.17296	-13.2371	2.50275	-2.96187	-1.27013	14.236	8.25	-13.2	-1.99797	0.998985
7.9999	-13.1879	8.01722	-13.2434	2.23407	-3.03627	-1.20384	1.61269	8	-13.2	-2.73	-0.910004
7.57824	-13.1345	7.65591	-13.2448	2.55397	3.05403	-1.27642	3.57199	7.65	-13.25	-3.62957	0
7.33241	-13.2718	7.41411	-13.2173	2.3985	2.93682	-1.24095	0.902572	7.3	-13.25	-2.7301	0
6.97467	-13.1643	7.16178	-13.1607	2.30146	2.81192	-1.21709	0.711059	7	-13.25	-2.72703	0
6.7113	-13.2598	6.8693	-13.0922	2.4395	2.69507	-1.20298	0.601463	6.7	-13.2	-2.72742	0.909144
6.32545	-12.9303	6.57421	-12.9669	2.5533	2.57374	-1.19121	0.671019	6.4	-13.1	-2.72703	0.908994
6.09711	-13.0021	6.32559	-12.8534	2.42241	2.47377	-1.15261	1.3937	6.1	-13	-2.73	0.910004
5.89343	-13.1185	6.08563	-12.7606	2.37263	2.40179	-1.10728	1.71913	5.8	-12.9	-2.99275	0.99759
5.61778	-12.8527	5.83356	-12.6313	2.46159	2.33312	-1.06847	0.84527	5.55	-12.75	-1.81993	1.81994
5.30917	-12.4284	5.58146	-12.4436	2.55165	2.25165	-1.03784	0.726386	5.35	-12.55	-1.81722	1.81723
5.13338	-12.4375	5.32309	-12.2533	2.71429	2.19155	-0.997498	1.20018	5.1	-12.35	-2.72881	1.8192
4.92993	-12.1787	5.13048	-12.0711	2.48372	2.11866	-0.964227	2.36708	4.9	-12.15	-0.908467	1.81693
4.79909	-11.9738	4.88499	-11.828	2.88748	2.07205	-0.920601	5.1813	4.75	-11.9	-1.81788	2.72684
4.50688	-11.4491	4.73972	-11.5878	2.569	1.98181	-0.909191	4.46771	4.6	-11.65	-0.909963	1.81994
4.46798	-11.2692	4.52438	-11.2872	3.04226	1.94454	-0.854373	7.01926	4.5	-11.35	-0.909227	3.63689
4.47788	-11.2387	4.48163	-11.0528	2.57517	1.82286	-0.884935	7.05121	4.4	-11.05	-0.909227	1.81845
4.34978	-10.6819	4.45292	-10.7874	2.39128	1.70106	-0.91057	1.57362	4.4	-10.8	0.9094	2.72823
4.45256	-10.5332	4.38353	-10.5176	2.63279	1.6492	-0.862794	2.38964	4.45	-10.5	0	3.00113
4.41237	-9.99477	4.4154	-10.2225	2.62352	1.53088	-0.889358	0.755527	4.5	-10.2	0.999524	2.99855
4.57379	-9.85032	4.47314	-9.93718	2.67982	1.42333	-0.900344	0.2546	4.6	-9.9	0.998267	2.9948
4.60255	-9.4741	4.67004	-9.65029	2.46862	1.19223	-1.049	6.29315	4.7	-9.65	0.910924	1.82187
4.78405	-9.35872	4.7067	-9.39977	2.54773	1.16539	-0.945237	2.24428	4.8	-9.4	0.908038	2.72411
4.92663	-9.02336	4.83364	-9.12153	2.63613	1.08075	-0.913339	0.653603	4.95	-9.1	1.81851	2.72776
5.1055	-8.72095	4.9828	-8.83838	2.73295	1.01092	-0.864963	1.12698	5.15	-8.8	1.8165	2.72476
5.34134	-8.5519	5.24913	-8.57889	2.80009	0.844874	-0.944132	1.28624	5.35	-8.55	1.82159	1.8216
5.5122	-8.36624	5.37435	-8.3616	2.70206	0.835084	-0.819265	3.31942	5.5	-8.35	0.908054	1.81609
5.72065	-8.20245	5.67686	-8.1583	2.78964	0.665078	-0.923608	2.88576	5.7	-8.15	2.72851	1.81902
5.99121	-7.96746	5.76167	-7.98475	2.44603	0.711348	-0.709952	12.3427	5.95	-7.9	1.81851	2.72777
6.20599	-7.74241	5.99475	-7.77935	2.50228	0.662022	-0.657679	1.42075	6.15	-7.65	1.81739	1.81739
6.39144	-7.48582	6.21634	-7.57231	2.50501	0.639374	-0.576839	2.30294	6.35	-7.45	1.8164	1.81641
6.66209	-7.31025	6.49596	-7.37664	2.61703	0.576726	-0.572267	0.496484	6.6	-7.25	2.72856	1.81904
6.83447	-7.05268	6.71202	-7.17913	2.52668	0.57867	-0.472245	3.18568	6.85	-7.05	1.82066	1.82066
7.13677	-6.88363	7.0034	-6.99445	2.68468	0.523595	-0.483917	0.762653	7.1	-6.85	2.99976	1.99984
7.234	-6.59525	7.13477	-6.79545	2.33795	0.602127	-0.287968	14.6061	7.3	-6.65	0.999384	1.99876
7.67988	-6.69347	7.4927	-6.67433	2.75083	0.457281	-0.470814	18.1675	7.5	-6.55	2.72747	0
7.94309	-6.60222	7.6985	-6.54126	2.42773	0.470843	-0.357513	6.77969	7.75	-6.45	1.81623	1.81624
7.9171	-6.24084	7.99075	-6.38942	2.63883	0.415615	-0.395544	2.03769	8	-6.3	2.72648	0.908821
8.37368	-6.18614	8.14755	-6.23674	2.12506	0.478987	-0.221977	16.9832	8.25	-6.1	1.81898	2.72847
8.43843	-5.87193	8.45973	-6.07612	2.52647	0.425639	-0.288723	7.41835	8.5	-5.9	2.72647	0.90883
8.76652	-5.75601	8.67727	-5.90195	2.32404	0.46677	-0.186175	4.39182	8.75	-5.75	1.81789	1.81788
8.91028	-5.47662	8.95127	-5.72369	2.50395	0.458613	-0.188887	1.45121	9	-5.55	2.73109	1.82073
9.32693	-5.39468	9.18784	-5.53107	2.38357	0.507655	-0.097257	3.09262	9.25	-5.35	1.81796	1.81795
9.4498	-5.12838	9.45613	-5.34408	2.53588	0.510435	-0.0967275	0.984862	9.5	-5.15	2.72905	1.81937
9.83281	-5.00671	9.63283	-5.11305	2.20455	0.629697	0.0807641	13.2799	9.7	-4.95	0.998666	1.99733
9.96003	-4.81123	9.84194	-4.92296	2.253	0.667326	0.111107	0.401522	9.85	-4.75	1.8172	1.81719
10.1357	-4.58625	10.0569	-4.71655	2.3191	0.703175	0.13234	0.290211	10.05	-4.55	1.82042	1.82043
10.3185	-4.35401	10.3197	-4.53267	2.59472	0.659705	0.0364698	5.55369	10.3	-4.35	2.72672	1.81782
10.5826	-4.11494	10.4465	-4.25012	2.20996	0.828134	0.258287	17.8786	10.5	-4.1	0.908764	2.72628
10.6618	-3.807	10.627	-3.99762	2.30159	0.885401	0.282067	0.453427	10.65	-3.8	1.8194	2.72911
10.8593	-3.57039	10.833	-3.76603	2.47019	0.881866	0.219779	2.49265	10.85	-3.55	1.81839	1.81838
11.0183	-3.30073	10.9607	-3.45625	2.39829	1.01224	0.355083	5.08458	11	-3.3	0.908549	2.72563
11.1054	-3.01303	11.086	-3.15106	2.44946	1.10743	0.421155	1.07552	11.1	-3	0.90888	2.72663
11.1758	-2.69942	11.1977	-2.84478	2.52026	1.18427	0.452174	0.375228	11.2	-2.7	0.909988	2.72995
11.4549	-2.46508	11.2041	-2.42727	2.56911	1.44664	0.751087	24.2067	11.2	-2.4	-0.907692	2.72306
11.2202	-2.08177	11.3206	-2.36517	2.10677	1.3067	0.433536	25.1934	11.25	-2.1	1.8219	2.73284
11.224	-1.77367	11.3355	-2.04021	2.20101	1.42321	0.516606	3.33075	11.35	-1.8	0	2.71996
11.2691	-1.47976	11.3494	-1.70873	2.33438	1.51362	0.55297	1.04569	11.35	-1.5	0	2.73448
11.2507	-1.19626	11.2214	-1.30612	2.64783	1.78452	0.859577	28.097	11.25	-1.2	-1.99969	2.99952
10.9697	-0.89157	11.1147	-0.974006	2.83765	1.91247	0.914838	1.32836	11.1	-0.9	-1.00006	3.00024
10.8913	-0.655608	10.9482	-0.640178	3.07251	2.06305	0.997035	2.70371	10.95	-0.649999	-1.81771	1.81773
10.827	-0.442912	10.779	-0.375688	3.03617	2.17365	0.999919	0.0848289	10.75	-0.45	-1.81842	1.8184
10.5503	-0.248633	10.4894	-0.0929407	3.48459	2.36003	1.1378	11.7657	10.5	-0.25	-3.00035	2.00024
10.2559	-0.115293	10.2735	0.0437176	3.14971	2.4672	1.11202	2.64091	10.25	-0.0999996	-2.00053	1.00027
10.0717	0.0165033	10.0626	0.137818	2.80296	2.58449	1.1021	2.70654	10.05	9.49949e-07	-2.00009	1.00004
9.8478	0.0279858	9.79398	0.235367	2.96083	2.71919	1.13942	2.10061	9.8	0.0500011	-3.00025	0
9.54682	0.0997641	9.50943	0.286741	3.00813	2.86044	1.17207	0.897342	9.5	0.100001	-2.99825	0.999409
9.46113	0.134275	9.29597	0.237452	2.44763	3.02958	1.20849	7.70152	9.25	0.15	-1.81915	0
9.02723	0.196492	9.00098	0.275944	2.73376	3.13686	1.1902	2.44945	9	0.2	-2.99927	0.99976
8.67607	0.247512	8.70487	0.2736	2.87933	-3.03799	1.17864	0.655973	8.7	0.25	-2.99873	0
8.44086	0.253341	8.42487	0.221991	2.78736	-2.90823	1.18652	0.290935	8.4	0.25	-2.72872	0
8.1066	0.204722	8.12053	0.17752	2.93025	-2.82086	1.14552	0.879009	8.1	0.2	-2.99909	-0.9997
7.82213	0.149733	7.82297	0.116754	3.07345	-2.75188	1.09443	1.12778	7.8	0.15	-3.00101	0
7.49691	0.101076	7.53887	0.0119379	3.00971	-2.6532	1.0825	0.304609	7.5	0.100001	-2.72698	-0.908982
7.13188	-0.00451978	7.2858	-0.127877	2.8469	-2.53284	1.10243	1.7241	7.25	9.49949e-07	-2.00032	-1.00016
6.77233	-0.150907	6.97845	-0.20665	3.02732	-2.53103	0.963731	5.61902	7	-0.15	-2.72534	-1.8169
6.70421	-0.347264	6.80781	-0.447216	2.67314	-2.33071	1.10618	10.1361	6.8	-0.349999	-1.00053	-2.00107
6.72084	-0.550555	6.62206	-0.579438	2.68567	-2.28828	1.01937	1.92309	6.65	-0.549999	-2.00016	-2.00017
6.40088	-0.78131	6.4898	-0.830398	2.59198	-2.11952	1.11659	3.22129	6.5	-0.799999	-0.999884	-2.99963
6.37766	-1.0844	6.38173	-1.08911	2.60879	-1.973	1.16541	0.554225	6.4	-1.1	-0.999984	-2.99995
6.5527	-1.43518	6.35028	-1.41858	2.72788	-1.76151	1.29837	4.31479	6.35	-1.4	0	-3.00132
6.33086	-1.6454	6.312	-1.66222	2.6252	-1.64854	1.26577	0.339764	6.35	-1.65	0	-1.81769
6.34522	-1.96081	6.32664	-1.97577	2.75699	-1.48472	1.31331	0.921847	6.35	-1.95	0	-3.99976
6.3068	-2.23646	6.33006	-2.17929	2.44944	-1.40259	1.23237	3.89857	6.35	-2.25	0	-2
6.26272	-2.46894	6.3519	-2.40637	2.3277	-1.30685	1.18922	1.27989	6.35	-2.5	0	-3
6.38105	-2.77438	6.42585	-2.6997	2.60509	-1.1899	1.197	1.93578	6.4	-2.8	1.00003	-3.00012
6.50958	-3.15806	6.53698	-3.02062	2.91241	-1.08256	1.19243	2.3829	6.5	-3.15	0.999284	-3.99712
6.64067	-3.46888	6.63429	-3.26523	2.55671	-1.0013	1.12308	6.13577	6.6	-3.45	0.909922	-1.81983
6.70376	-3.69784	6.76837	-3.54566	2.6901	-0.918568	1.08698	0.905986	6.7	-3.7	0.999335	-2.99802
6.65288	-3.91672	6.87808	-3.79137	2.5444	-0.856248	1.02962	2.51097	6.8	-4	0.908549	-2.72564
6.9447	-4.2991	6.99311	-4.01631	2.21741	-0.796186	0.967635	6.10161	6.9	-4.25	0.90988	-1.81977
7.09552	-4.55441	7.13783	-4.27376	2.39197	-0.756318	0.907417	2.1406	7	-4.5	1.00008	-3.00024
7.25009	-4.88515	7.31717	-4.57057	2.8318	-0.738197	0.840566	7.09619	7.15	-4.8	1.99984	-2.99976
7.33292	-5.08676	7.4372	-4.79491	2.46782	-0.721418	0.772473	6.66959	7.3	-5.05	1.00028	-2.00057
7.40318	-5.28627	7.56904	-5.03455	2.47943	-0.714181	0.707396	1.63816	7.4	-5.3	1.00003	-3.00012
7.46878	-5.50726	7.70734	-5.28765	2.6093	-0.717962	0.640237	2.26293	7.55	-5.55	1.99961	-1.99961
7.70927	-5.8194	7.84304	-5.5335	2.54883	-0.724792	0.575498	1.76591	7.7	-5.8	1.00027	-3.00084
7.71187	-5.94164	7.98266	-5.78077	2.66182	-0.733645	0.517242	1.90959	7.85	-6.05	1.9998	-1.99981
8.03808	-6.28852	8.10583	-6.00733	2.41172	-0.744378	0.459877	3.47391	8	-6.25	1.00004	-2.00008
8.1071	-6.48544	8.28376	-6.27871	2.84618	-0.753926	0.414027	6.96721	8.15	-6.5	1.99951	-2.99928
8.38768	-6.7963	8.40581	-6.50909	2.40135	-0.771709	0.356707	8.03004	8.3	-6.75	0.90921	-1.81841
8.58336	-7.15056	8.5741	-6.7874	2.6096	-0.79136	0.309043	2.68761	8.4	-7	1.0001	-3.00036
8.37938	-7.10665	8.70303	-7.03515	2.71939	-0.813748	0.265007	1.77239	8.55	-7.25	1.99907	-1.99908
8.76035	-7.57239	8.85369	-7.30998	2.81359	-0.839556	0.221817	1.06613	8.7	-7.5	1.00058	-3.00174
8.81118	-7.75569	8.94268	-7.55486	2.48759	-0.884158	0.159555	4.47251	8.8	-7.75	0.999844	-1.99968
9.07758	-8.1058	9.13482	-7.84993	3.01915	-0.887312	0.154154	9.40397	8.95	-8	2.00017	-3.00024
9.05557	-8.22632	9.22005	-8.10357	2.65618	-0.936683	0.0912707	5.13458	9.1	-8.25	0.998905	-1.99781
9.30408	-8.57245	9.34178	-8.37212	2.60434	-0.966863	0.0566401	0.603112	9.2	-8.5	0.908863	-2.72657
9.15971	-8.67035	9.43457	-8.64203	2.56777	-1.00622	0.0181172	0.871263	9.3	-8.8	0.909475	-2.72841
9.47941	-9.179	9.57184	-8.94946	2.83756	-1.0278	0.0077091	2.57195	9.4	-9.1	0.999765	-2.99935
9.53008	-9.38561	9.61959	-9.22608	2.49963	-1.09944	-0.0652127	4.9616	9.5	-9.35	0.908962	-1.81792
9.60163	-9.60777	9.71036	-9.50625	2.54087	-1.13215	-0.0842406	0.198429	9.6	-9.6	0.909988	-2.72996
9.69155	-9.89957	9.811	-9.8014	2.67883	-1.15523	-0.0888966	0.710555	9.7	-9.9	0.907972	-2.7239
9.69256	-10.1336	9.84342	-10.0827	2.48247	-1.22184	-0.144846	1.94863	9.75	-10.2	0	-2.73106
9.8242	-10.5024	9.95177	-10.3859	2.82342	-1.22015	-0.112154	4.25622	9.8	-10.5	1	-2.99999
9.82501	-10.7525	9.98312	-10.6772	2.76214	-1.27481	-0.150892	0.531166	9.85	-10.8	0	-3.00047
9.91881	-11.1448	9.93984	-10.9597	2.37972	-1.3878	-0.256701	8.02629	9.85	-11.05	0	-1.9956
9.83851	-11.2795	9.95025	-11.2259	2.4038	-1.43369	-0.2703	0.108682	9.85	-11.3	0	-2.73184
9.79654	-11.5922	9.93541	-11.504	2.41921	-1.49159	-0.293398	0.187235	9.8	-11.6	-0.998566	-2.9957
9.77699	-11.9246	9.9268	-11.7972	2.54166	-1.53047	-0.28937	0.614719	9.75	-11.9	0	-2.73084
9.63743	-12.1863	9.79496	-12.0942	2.30297	-1.67772	-0.410959	5.2157	9.65	-12.2	-1.81598	-2.72396
9.47157	-12.4849	9.56544	-12.3736	2.00326	-1.90493	-0.608254	12.0425	9.45	-12.45	-1.82132	-1.82133
9.32154	-12.7193	9.43332	-12.6085	2.03249	-2.00832	-0.639248	0.226534	9.3	-12.65	-0.908038	-1.81606
9.04013	-12.7738	9.07997	-12.8374	1.89476	-2.33779	-0.921422	17.1919	9.05	-12.85	-3.64007	-1.82004
8.73518	-13.0163	8.77765	-13.0249	2.05145	-2.57342	-1.06394	3.02281	8.75	-13	-1.9959	-0.997948
8.48414	-13.0416	8.46774	-13.1516	2.24053	-2.79034	-1.17568	2.13685	8.5	-13.1	-2.73149	-0.910502
8.19497	-13.1991	8.24074	-13.2162	2.21291	-2.9114	-1.165	0.0572177	8.2	-13.2	-2.72385	-0.907955
7.88931	-13.1791	7.92662	-13.2525	2.38746	-3.08827	-1.22037	1.28642	7.9	-13.25	-2.72673	0
7.52542	-13.1457	7.62319	-13.2397	2.48219	3.04033	-1.24203	0.470545	7.6	-13.25	-2.72991	0
7.19347	-13.1392	7.22605	-13.1765	2.93145	2.85603	-1.31364	5.72095	7.25	-13.2	-3.63887	0.909723
6.90569	-13.1515	7.02282	-13.1117	2.4476	2.75566	-1.23537	7.3061	6.9	-13.15	-2.72312	0
6.69426	-13.3705	6.82097	-13.062	2.19819	2.65485	-1.19299	3.20702	6.6	-13.15	-3.00475	0
6.4246	-13.2048	6.60184	-12.9918	2.17453	2.5612	-1.16537	0.675901	6.35	-13.1	-1.9976	0.998786
6.162	-13.1569	6.36428	-12.9054	2.21015	2.4749	-1.1324	0.799726	6.1	-13	-2.72732	0.909111
5.78183	-12.8825	6.1092	-12.7828	2.24522	2.38942	-1.09526	0.832445	5.8	-12.9	-2.72895	0.909657
5.54035	-12.7925	5.83008	-12.6358	2.46014	2.32136	-1.05526	1.65933	5.55	-12.75	-1.81808	1.81809
5.33087	-12.5965	5.56353	-12.4546	2.64582	2.25222	-1.0206	1.30951	5.3	-12.55	-2.7236	1.81575
5.13793	-12.5907	5.32743	-12.2987	2.5663	2.19844	-0.972853	1.46308	5.05	-12.35	-1.81967	1.81966
4.81467	-12.1072	5.0589	-12.0666	2.8539	2.14543	-0.933525	2.63689	4.85	-12.1	-1.81844	2.72766
4.6829	-11.7433	4.88721	-11.8411	2.58649	2.0629	-0.91236	3.20197	4.7	-11.85	-0.909557	1.8191
4.61619	-11.6508	4.71305	-11.5999	2.66422	1.99373	-0.888134	0.284275	4.6	-11.6	-0.907782	2.72335
4.48104	-11.1618	4.51175	-11.2693	3.15483	1.94119	-0.847279	7.45048	4.5	-11.25	-0.910253	3.64099
4.46178	-10.9843	4.52193	-11.0059	2.52963	1.77974	-0.912094	12.9408	4.45	-10.95	0	1.81804
4.60972	-11.1274	4.54638	-10.7971	2.23515	1.63749	-0.959948	3.91264	4.45	-10.75	0	1.81614
4.43099	-10.4242	4.39991	-10.5061	2.72435	1.65284	-0.832573	10.3603	4.45	-10.45	0	3.6396
4.52156	-10.1192	4.45431	-10.198	2.64724	1.51445	-0.875466	0.624132	4.5	-10.1	0.910021	2.73005
4.5897	-9.73457	4.49776	-9.88372	2.77377	1.42421	-0.862887	0.809352	4.6	-9.8	0.999085	2.99725
4.61159	-9.38621	4.67208	-9.58107	2.62673	1.22324	-0.981394	4.07301	4.7	-9.55	0.910095	1.82021
4.80746	-9.23434	4.76074	-9.31372	2.68318	1.14842	-0.944679	0.465458	4.85	-9.3	1.99828	2.99743
5.03379	-9.03255	4.85129	-9.04447	2.7884	1.11473	-0.856391	2.60311	5	-9	0.908384	2.72514
5.21058	-8.83852	5.0993	-8.78028	2.79209	0.938347	-0.949006	1.89862	5.15	-8.75	1.81679	1.8168
5.33786	-8.49992	5.24074	-8.53579	2.77482	0.896799	-0.865335	1.53093	5.35	-8.5	1.82017	2.73024
5.58025	-8.28767	5.46517	-8.29396	2.82119	0.801795	-0.857313	0.209259	5.55	-8.25	1.81852	1.81852
5.83663	-8.14888	5.69957	-8.08163	2.831	0.716062	-0.838548	0.389014	5.75	-8.05	1.81752	1.81753
5.99151	-7.92468	5.90322	-7.89063	2.75366	0.663797	-0.778052	1.10843	5.95	-7.85	1.8194	1.8194
6.05883	-7.47931	6.02865	-7.67422	2.53698	0.69595	-0.60288	9.49029	6.15	-7.6	1.81742	2.72613
6.3458	-7.29797	6.30638	-7.46151	2.67091	0.612797	-0.62963	0.93645	6.4	-7.35	2.7248	1.81653
6.61964	-7.17343	6.57449	-7.27042	2.72884	0.550448	-0.61984	0.18172	6.65	-7.2	1.81957	0.909789
6.91901	-7.04822	6.84009	-7.0995	2.72862	0.499934	-0.591802	0.30279	6.9	-7.05	2.72946	1.81964
7.12574	-6.81829	7.02948	-6.92821	2.46463	0.514753	-0.464043	6.54099	7.15	-6.85	1.81554	1.81554
7.30586	-6.61905	7.22931	-6.75159	2.3132	0.528056	-0.364719	4.21308	7.35	-6.65	1.82007	1.82007
7.59546	-6.48319	7.53314	-6.59359	2.5641	0.459941	-0.418486	2.89586	7.6	-6.5	2.72628	0.908764
7.8486	-6.40709	7.77082	-6.45025	2.4718	0.44657	-0.368387	1.04701	7.85	-6.4	1.81656	0.908285
8.05398	-6.23227	8.01481	-6.30922	2.44076	0.429219	-0.337008	0.388856	8.1	-6.25	2.73006	1.82003
8.32369	-5.98136	8.29066	-6.1488	2.5283	0.41198	-0.319779	0.425582	8.4	-6.05	2.72692	1.81795
8.63806	-5.84559	8.51782	-5.97948	2.34356	0.44467	-0.224453	4.09427	8.65	-5.85	1.81844	1.81844
9.00947	-5.71389	8.80912	-5.81852	2.47805	0.436846	-0.211345	0.768429	8.9	-5.65	2.72464	1.81643
9.13938	-5.44533	9.04545	-5.62691	2.36492	0.482771	-0.123032	2.93519	9.15	-5.45	1.81916	1.81918
9.26221	-5.25032	9.28494	-5.44547	2.39616	0.504065	-0.0883637	0.590359	9.35	-5.3	1.81895	0.909466
9.71784	-5.19928	9.49063	-5.2496	2.18355	0.580915	0.0310333	6.52927	9.55	-5.1	1.81986	2.72981
9.67182	-4.82288	9.6943	-5.04049	2.19898	0.633923	0.0829909	0.9955	9.75	-4.85	1.81736	1.81735
9.94653	-4.64316	9.89989	-4.82308	2.23062	0.689782	0.1322	0.744149	9.95	-4.65	1.81806	1.81805
10.4074	-4.52899	10.1882	-4.65211	2.54346	0.637758	0.0289585	6.74187	10.2	-4.45	2.72609	1.8174
10.3837	-4.17982	10.3188	-4.3661	2.19185	0.805226	0.242392	15.7067	10.4	-4.2	0.908945	2.72688
10.5531	-3.94939	10.5295	-4.15082	2.36199	0.80923	0.19576	2.18012	10.55	-3.95	1.81903	1.81904
10.6157	-3.63689	10.7137	-3.88379	2.45962	0.860364	0.216041	0.864169	10.75	-3.7	1.81931	2.72896
10.8149	-3.35552	10.8527	-3.57854	2.45833	0.971996	0.319781	2.90413	10.9	-3.4	0.999745	2.99928
10.9078	-3.10703	11.0385	-3.35015	2.61403	0.942473	0.215592	5.19698	11.05	-3.15	1.81764	1.81765
11.1507	-2.87978	11.1645	-3.0375	2.57413	1.04563	0.31595	2.87089	11.2	-2.9	0.909657	2.72896
11.2614	-2.58697	11.157	-2.63658	2.40711	1.3286	0.666228	36.5495	11.2	-2.6	-0.998725	2.99617
11.2346	-2.28949	11.2368	-2.43388	2.32934	1.33364	0.56973	2.65054	11.2	-2.3	0.908813	2.72643
11.1623	-1.9797	11.3088	-2.17258	2.35239	1.35355	0.494786	2.63676	11.3	-2	0.909855	2.72956
