0	0	0	0	1	1	1	0	0	0	0	0
1.81209	0.0474826	1.81209	0.0474826	1	1	1	0	2.09897	0.0522228	2.19595	0.109339
4.19528	0.218461	3.62784	1.10838	1.1918	0.0470291	0.0237185	27.3818	4.29136	0.215312	2.28434	0.226323
6.43926	0.472879	6.20305	0.765886	2.61134	-0.547976	-0.249887	7.51481	6.56942	0.496096	2.36382	0.348847
8.89749	0.886982	8.9457	0.641554	2.32804	-0.0322219	0.141598	3.49674	8.92437	0.89924	2.43359	0.474526
11.4447	1.42958	11.3964	1.24297	2.56943	0.356788	0.27636	1.29676	11.3468	1.427	2.49328	0.600781
13.6572	1.99915	13.6976	2.04546	2.68678	0.453175	0.17458	0.467785	13.827	2.07905	2.5429	0.724947
16.282	2.84648	16.2231	2.93578	2.85883	0.403212	0.052803	0.592904	16.3554	2.85243	2.58284	0.844365
19.363	3.87122	19.0672	3.91287	2.89705	0.360541	0.0170954	1.77408	18.923	3.74161	2.61382	0.95648
21.6213	4.74762	21.6299	4.78075	2.96838	0.324405	-0.011043	0.147691	21.5215	4.73855	2.63679	1.05891
24.5601	5.92334	24.4823	5.86606	3.32391	0.338241	-0.00489328	0.409138	24.1437	5.83295	2.65286	1.14953
26.5419	6.90075	26.8223	6.94633	3.08965	0.397017	0.0216665	3.12307	26.7833	7.01246	2.6632	1.22647
29.4716	8.24519	29.4764	8.19671	3.28036	0.426463	0.0183643	0.205572	29.4352	8.26299	2.66893	1.28822
31.7928	9.49891	31.887	9.52256	3.11579	0.485229	0.0350382	0.648228	32.0955	9.56901	2.67105	1.33358
35.0599	10.9953	34.8407	10.901	3.4698	0.43324	-0.00687272	1.19134	34.7608	10.9139	2.67035	1.3617
37.4973	12.2943	37.5275	12.2872	3.41789	0.443102	-0.00150777	0.202622	37.4287	12.2803	2.66736	1.37209
39.9009	13.6243	40.0025	13.6493	3.28337	0.475972	0.011623	0.747046	40.0971	13.6505	2.66232	1.36459
42.5714	14.9817	42.6037	14.9984	3.43078	0.462406	-0.0059316	0.410855	42.7638	15.0065	2.65515	1.33938
45.649	16.5213	45.5229	16.4623	3.64353	0.43741	-0.0164158	0.249268	45.4265	16.3307	2.64546	1.29701
47.9331	17.5349	48.0139	17.6001	3.23298	0.425418	-0.00995171	1.06138	48.0823	17.6063	2.6326	1.23832
50.5737	18.7834	50.5687	18.794	3.30948	0.415831	-0.0117528	0.157689	50.7276	18.8172	2.61569	1.16454
53.5277	19.862	53.3749	19.863	3.4083	0.363244	-0.0263194	0.178559	53.3577	19.9486	2.59372	1.07716
55.867	20.985	55.8934	20.9216	3.2639	0.359571	-0.0189579	0.176446	55.9669	20.9874	2.56561	0.978022
58.5799	21.9815	58.5322	21.9642	3.38194	0.358524	-0.0123283	0.0713574	58.5484	21.9225	2.53033	0.869205
60.7648	22.6398	60.8619	22.7245	3.10958	0.337108	-0.0154093	1.07397	61.0941	22.7449	2.48697	0.753031
63.7478	23.7442	63.5674	23.6883	3.32696	0.330865	-0.0112763	0.458821	63.5955	23.4479	2.43482	0.631987
65.8838	23.9541	65.9077	24.0423	2.94325	0.236508	-0.0406529	0.736178	66.0431	24.0276	2.37349	0.508655
68.6759	24.6059	68.4848	24.7508	3.24588	0.259981	-0.0106948	0.333317	68.4273	24.4824	2.30293	0.385623
70.7403	24.6728	70.7972	24.7917	2.88411	0.151042	-0.0463423	0.966979	70.7384	24.8137	2.22347	0.265395
73.0732	25.0343	73.0463	25.0162	2.86278	0.108356	-0.0443449	0.0374874	72.9675	25.025	2.13584	0.150292
74.9748	25.1378	75.1075	25.0182	2.68531	0.0445638	-0.053316	0.633482	75.1062	25.1224	2.04114	0.0423626
77.1386	25.2948	77.164	24.9479	2.49609	-0.0424836	-0.0839872	0.185205	77.1475	25.1137	1.9408	-0.0566978
79.1718	24.9698	79.1423	24.8809	2.52051	-0.0287775	-0.0465628	0.0358403	79.0861	25.0086	1.83649	-0.145607
81.1423	24.8704	81.1339	24.5785	2.33893	-0.110486	-0.080576	0.225476	80.9183	24.8178	1.73008	-0.223536
82.5085	24.8114	82.6888	24.441	2.17927	-0.124782	-0.0655801	0.394362	82.6423	24.5525	1.6235	-0.29012
84.2898	24.3312	84.3353	24.1853	2.16893	-0.0977079	-0.02922	0.107748	84.2584	24.2245	1.51869	-0.345444
85.9743	23.7547	85.966	23.6866	2.07664	-0.148111	-0.0439699	0.0400824	85.7688	23.8451	1.41749	-0.390006
87.6171	23.5127	87.5402	23.2687	2.03647	-0.171399	-0.04806	0.198844	87.1776	23.4252	1.32159	-0.424654
88.4191	22.9498	88.6886	22.7704	1.8604	-0.226429	-0.0524328	1.62456	88.4904	22.9745	1.23248	-0.450514
89.7821	22.4826	89.8582	22.1759	1.69965	-0.316672	-0.0826575	0.146958	89.7145	22.5017	1.15138	-0.468904
90.8419	22.0974	90.911	21.9207	1.71092	-0.18591	0.00271042	0.29584	90.858	22.0141	1.07929	-0.481241
92.0492	21.5289	92.0592	21.4435	1.54113	-0.164764	-0.00384875	0.0863845	91.9302	21.5174	1.01698	-0.488964
93.3186	21.0712	93.2373	20.9758	1.64699	-0.135795	0.0118418	0.105753	92.9411	21.016	0.964993	-0.493443
93.7423	20.5071	93.9717	20.537	1.5009	-0.15081	0.00171494	1.79158	93.9011	20.513	0.92369	-0.495919
94.494	19.8854	94.6617	19.9384	1.41369	-0.215769	-0.0162613	1.11228	94.8209	20.01	0.893308	-0.497439
95.6097	19.5804	95.5346	19.6962	1.61447	-0.0195851	0.0645771	0.290251	95.7116	19.5078	0.87398	-0.498816
96.559	18.8688	96.5288	19.1036	1.50525	-0.00396118	0.0526262	0.133043	96.5842	19.0065	0.865773	-0.500589
97.5333	18.1735	97.4696	18.5418	1.60429	-0.0355622	0.037576	0.1732	97.45	18.506	0.868716	-0.503009
98.4162	18.1556	98.3599	18.2651	1.70029	0.00732638	0.0444945	0.0577708	98.3198	18.0049	0.882805	-0.506023
98.9782	17.2949	99.0909	17.5939	1.63876	-0.115123	0.00691979	1.46055	99.2049	17.503	0.908006	-0.509278
100.441	16.9521	100.193	17.4013	1.96268	0.0758406	0.074711	0.573841	100.117	17.0001	0.944242	-0.512134
101.169	16.4353	101.181	16.7865	1.72558	0.0406824	0.0526698	0.505312	101.065	16.497	0.991362	-0.513687
102.081	15.8359	102.086	16.2015	1.70915	-0.0510185	0.0193815	0.552009	102.063	15.9949	1.04911	-0.512803
102.776	15.1195	102.882	15.3657	1.75941	-0.237572	-0.0209673	1.51477	103.119	15.4967	1.11708	-0.508169
103.905	14.7607	103.87	14.9281	1.87358	-0.189018	0.0127481	0.238938	104.244	15.0064	1.19469	-0.498349
105.316	14.0026	105.188	14.329	2.09305	-0.135181	0.0375414	0.167311	105.447	14.5293	1.28111	-0.481861
106.439	14.2401	106.479	14.0686	2.29229	-0.00817102	0.0778655	0.462858	106.737	14.0724	1.37529	-0.457255
108.131	13.6844	108.038	13.7405	2.5677	0.0362337	0.0739532	0.277731	108.122	13.644	1.47592	-0.423202
109.388	13.1556	109.433	13.3584	2.41826	0.0208632	0.0463509	0.636291	109.606	13.2536	1.58144	-0.378583
111.426	12.9557	111.251	13.1276	2.87492	0.071548	0.0603114	0.643785	111.196	12.9118	1.69008	-0.322574
112.797	12.8241	112.858	12.9121	2.79816	0.0453691	0.0353383	0.786599	112.893	12.6299	1.7999	-0.254723
114.916	12.3187	114.795	12.5838	3.05892	0.0107537	0.0224143	0.266351	114.699	12.4195	1.90891	-0.175007
116.871	12.0659	116.824	12.2368	3.23109	-0.0196979	0.0150873	0.417432	116.611	12.2921	2.01507	-0.0838683
118.85	12.4063	118.864	12.2016	3.20799	0.00423595	0.0189053	0.269875	118.628	12.2586	2.11648	0.0177712
120.934	12.1905	120.958	12.0719	3.23452	0.0179865	0.0213289	0.400014	120.743	12.3289	2.21139	0.128528
123.142	12.7694	123.158	12.4631	3.44764	0.130274	0.0514717	0.540237	122.95	12.5114	2.29835	0.246599
125.376	12.9964	125.406	12.8601	3.51625	0.189804	0.0479012	0.654078	125.242	12.8125	2.37624	0.369827
127.506	13.153	127.574	13.3112	3.45925	0.220079	0.0328353	1.0978	127.609	13.2365	2.44434	0.495787
130.334	13.781	130.201	13.636	3.73897	0.136592	-0.0101124	0.29617	130.042	13.7853	2.50232	0.621879
132.447	14.3423	132.562	14.1046	3.66387	0.101896	-0.0209604	1.09078	132.53	14.458	2.55028	0.74543
135.127	14.6575	135.099	14.621	3.83279	0.124345	-0.0065575	0.360896	135.066	15.2513	2.58865	0.863795
137.653	16.5145	137.686	15.9904	4.06903	0.278249	0.0349837	0.696986	137.639	16.1592	2.61821	0.974442
140.305	17.5379	140.286	17.2418	4.0941	0.371785	0.0455638	0.156378	140.242	17.1733	2.63994	1.07503
142.626	18.1458	142.586	18.9225	3.88065	0.562294	0.0912363	0.877687	142.868	18.2829	2.65497	1.16346
145.789	19.3785	145.664	19.461	3.89471	0.335825	-0.0189515	0.271826	145.51	19.4754	2.66445	1.23795
148.146	20.9376	148.283	20.5844	3.48932	0.318065	-0.00760958	0.916131	148.163	20.7364	2.66951	1.29702
150.649	21.8148	150.795	21.6141	3.69853	0.26196	-0.0428655	1.31083	150.825	22.0502	2.67111	1.33953
153.466	22.9115	153.413	22.8812	3.9777	0.263685	-0.0385664	0.354924	153.491	23.3999	2.66999	1.3647
156.009	25.0678	155.988	24.5133	4.13154	0.327734	-0.0166224	0.107892	156.159	24.7682	2.66666	1.37208
159.014	26.1903	158.965	25.5615	4.43254	0.216881	-0.0599015	0.387418	158.827	26.1372	2.66127	1.36157
161.529	27.8454	161.623	27.062	4.21049	0.266883	-0.0308793	0.306672	161.493	27.4891	2.65371	1.33344
164.116	29.315	164.171	28.8114	4.10395	0.397293	0.015775	0.209572	164.155	28.8064	2.64354	1.28825
166.748	29.7121	166.652	30.0462	4.03997	0.448675	0.0280832	0.160217	166.809	30.0721	2.63006	1.22694
169.345	30.7063	169.211	31.2839	3.96927	0.458097	0.0234999	0.154471	169.452	31.2706	2.61238	1.15075
172.135	32.6666	172.044	32.5853	4.05187	0.388176	-0.0131165	0.062589	172.079	32.3873	2.58945	1.06126
174.474	33.9157	174.471	34.0013	3.83829	0.416795	0.00857961	0.386227	174.685	33.4095	2.56021	0.960341
177.211	33.8467	177.01	34.5783	3.7582	0.320646	-0.017396	0.0788128	177.261	34.3262	2.52363	0.850119
179.543	35.4767	179.454	35.589	3.7731	0.288117	-0.0230342	0.0446865	179.799	35.1289	2.47883	0.732949
182.047	36.2626	181.918	36.4187	3.87308	0.239781	-0.0329986	0.0582978	182.292	35.8114	2.42515	0.611338
184.833	36.1451	184.55	36.7474	4.05087	0.130713	-0.0540899	0.16133	184.73	36.37	2.36226	0.487877
187.296	36.9375	187.05	37.6068	4.24368	0.184711	-0.018641	0.15974	187.103	36.804	2.29017	0.365145
189.738	36.951	189.664	37.1863	3.97181	0.0914028	-0.0349098	0.352477	189.401	37.1147	2.20928	0.245623
191.682	37.1147	191.848	36.5528	3.65106	-0.08208	-0.0802931	0.874996	191.615	37.3064	2.12037	0.131591
193.555	37.4234	193.912	35.8287	3.46771	-0.284337	-0.119582	0.877398	193.738	37.3853	2.02462	0.0250452
195.507	37.4891	195.983	35.0142	3.28633	-0.520033	-0.179287	0.564183	195.762	37.3598	1.92349	-0.072386
197.582	37.303	198.032	34.7714	3.07084	-0.531193	-0.133482	0.357802	197.683	37.2395	1.81869	-0.159495
199.356	37.3527	199.893	34.3761	2.78638	-0.628143	-0.14921	0.434678	199.497	37.0353	1.71212	-0.235529
200.932	37.4694	201.48	34.3022	2.4872	-0.590535	-0.0830714	0.53069	201.203	36.7587	1.6057	-0.300201
202.65	37.2445	203.067	34.0732	2.31992	-0.593963	-0.0815197	0.629739	202.801	36.4212	1.50137	-0.353671
203.809	36.2941	204.269	34.2005	2.05283	-0.396963	0.0477056	1.09322	204.294	36.0343	1.40095	-0.396497
