0	0	0	0	0.1	0.1	0.1	0	0	0	0	0
1.55945	-0.138501	1.55945	-0.138501	0.1	0.1	0.1	0	2.09897	0.0522228	2.19595	0.109339
3.89093	-0.134166	3.7303	-0.0935572	1.83159	0.158578	0.0847801	16.0021	4.29136	0.215312	2.28434	0.226323
6.86352	0.416817	6.76071	0.390168	3.53412	0.239696	0.0839998	7.78516	6.56942	0.496096	2.36382	0.348847
9.07733	0.593211	9.14696	0.623477	2.46285	0.152098	-0.0155629	3.82158	8.92437	0.89924	2.43359	0.474526
11.5756	1.6669	11.5708	1.62522	2.62261	0.475413	0.203205	1.30532	11.3468	1.427	2.49328	0.600781
13.5921	2.31191	13.6057	2.35301	2.15378	0.436661	0.0609072	1.35221	13.827	2.07905	2.5429	0.724947
16.6456	2.903	16.5652	2.93465	2.96878	0.0457625	-0.212605	4.70929	16.3554	2.85243	2.58284	0.844365
19.0106	3.70555	19.0405	3.66705	2.5183	0.221712	0.0158048	2.18582	18.923	3.74161	2.61382	0.95648
21.3312	4.73205	21.3378	4.6998	2.52069	0.478741	0.168482	0.756063	21.5215	4.73855	2.63679	1.05891
24.0787	5.56967	24.0378	5.59246	2.84645	0.312568	-0.037357	1.65313	24.1437	5.83295	2.65286	1.14953
26.6052	6.96102	26.6071	6.93357	2.93753	0.516399	0.111352	0.696571	26.7833	7.01246	2.6632	1.22647
29.5864	8.08789	29.5549	8.1038	3.19758	0.362155	-0.0574526	1.07381	29.4352	8.26299	2.66893	1.28822
31.9416	9.88017	31.9715	9.85081	2.93537	0.655856	0.163957	1.73641	32.0955	9.56901	2.67105	1.33358
34.6157	10.6988	34.5934	10.7588	2.61421	0.337656	-0.144944	3.39687	34.7608	10.9139	2.67035	1.3617
37.1404	12.0883	37.1326	12.0476	2.88243	0.470681	0.0326974	1.22235	37.4287	12.2803	2.66736	1.37209
40.3285	13.4666	40.2823	13.4547	3.5445	0.4055	-0.0311874	1.5121	40.0971	13.6505	2.66232	1.36459
42.7664	14.8294	42.8111	14.836	2.91993	0.491257	0.0415368	1.41412	42.7638	15.0065	2.65515	1.33938
45.3572	16.5524	45.3519	16.5336	3.11496	0.638196	0.110372	0.275713	45.4265	16.3307	2.64546	1.29701
48.1541	17.2835	48.1419	17.3426	2.71682	0.26678	-0.193202	3.3878	48.0823	17.6063	2.6326	1.23832
50.6228	19.0721	50.6285	18.9958	2.83861	0.6447	0.174635	4.36912	50.7276	18.8172	2.61569	1.16454
53.7268	19.8982	53.6721	19.9434	3.01257	0.222331	-0.199208	4.42223	53.3577	19.9486	2.59372	1.07716
56.0322	21.0923	56.067	21.0566	2.59735	0.377873	0.0199917	2.10866	55.9669	20.9874	2.56561	0.978022
58.6632	21.7821	58.6477	21.7959	2.73453	0.258337	-0.0691305	0.311873	58.5484	21.9225	2.53033	0.869205
60.8722	22.7876	60.8953	22.7684	2.4726	0.397066	0.058088	0.729275	61.0941	22.7449	2.48697	0.753031
63.3821	23.4069	63.3639	23.4289	2.58451	0.246281	-0.0723093	0.583794	63.5955	23.4479	2.43482	0.631987
66.3403	23.9959	66.3061	23.9916	3.07723	0.142538	-0.0892561	0.788399	66.0431	24.0276	2.37349	0.508655
68.262	24.3582	68.3304	24.3581	2.09735	0.123837	-0.0465954	3.13045	68.4273	24.4824	2.30293	0.385623
70.8275	24.8844	70.7975	24.8577	2.56465	0.220503	0.0437308	0.987598	70.7384	24.8137	2.22347	0.265395
72.8923	24.7135	72.9172	24.7528	2.08678	-0.0350521	-0.131564	1.65422	72.9675	25.025	2.13584	0.150292
75.0021	25.2595	74.9969	25.2032	2.08851	0.211224	0.100035	1.79162	75.1062	25.1224	2.04114	0.0423626
77.1225	24.9297	77.1109	24.9846	2.05661	-0.124186	-0.154432	2.02948	77.1475	25.1137	1.9408	-0.0566978
79.1089	25.0369	79.1054	25.0045	2.01903	-0.0342798	-0.0115581	0.654487	79.0861	25.0086	1.83649	-0.145607
80.8074	24.8688	80.8245	24.8728	1.77531	-0.0842382	-0.0325625	0.205459	80.9183	24.8178	1.73008	-0.223536
82.6216	24.6393	82.6162	24.6444	1.86002	-0.147777	-0.0503297	0.0333618	82.6423	24.5525	1.6235	-0.29012
84.1733	24.5504	84.1877	24.5346	1.61798	-0.0963504	0.00690348	0.289015	84.2584	24.2245	1.51869	-0.345444
85.6378	23.808	85.6462	23.8624	1.57109	-0.458742	-0.201749	1.45001	85.7688	23.8451	1.41749	-0.390006
86.9449	23.527	86.9395	23.4869	1.34396	-0.393899	-0.0563944	0.836438	87.1776	23.4252	1.32159	-0.424654
88.8227	22.7869	88.7738	22.7956	2.03028	-0.354642	-0.0094983	1.58554	88.4904	22.9745	1.23248	-0.450514
89.4967	22.3082	89.5709	22.29	0.955381	-0.476245	-0.068285	3.79835	89.7145	22.5017	1.15138	-0.468904
90.5133	21.6677	90.5091	21.6881	1.14893	-0.610007	-0.104261	0.17925	90.858	22.0141	1.07929	-0.481241
91.7178	21.1152	91.688	21.101	1.36025	-0.480006	0.0119742	0.520555	91.9302	21.5174	1.01698	-0.488964
92.8599	20.9537	92.8564	20.9154	1.15798	-0.183467	0.154806	0.755858	92.9411	21.016	0.964993	-0.493443
93.4668	20.2155	93.5034	20.2897	0.768412	-0.527484	-0.103621	2.71848	93.9011	20.513	0.92369	-0.495919
95.3229	19.6585	95.2119	19.6303	1.88721	-0.238134	0.101671	5.66998	94.8209	20.01	0.893308	-0.497439
95.5039	19.6984	95.6061	19.6672	0.400988	-0.0778296	0.147208	7.11263	95.7116	19.5078	0.87398	-0.498816
96.2641	19.1597	96.2476	19.3302	0.660067	-0.328336	-0.0499382	4.02333	96.5842	19.0065	0.865773	-0.500589
97.5286	18.727	97.4851	18.7697	1.448	-0.567014	-0.129628	2.12339	97.45	18.506	0.868716	-0.503009
98.2105	18.3739	98.2389	18.3456	0.916965	-0.612715	-0.0943013	0.932255	98.3198	18.0049	0.882805	-0.506023
99.0363	17.357	99.0461	17.4109	1.2708	-0.951634	-0.220808	1.03988	99.2049	17.503	0.908006	-0.509278
99.9969	16.9882	99.9636	16.9402	0.92551	-0.675748	0.0213386	1.86572	100.117	17.0001	0.944242	-0.512134
101.204	16.5368	101.145	16.4995	1.23639	-0.265344	0.210247	1.63666	101.065	16.497	0.991362	-0.513687
102.387	16.3992	102.38	16.3907	1.30331	0.0292984	0.250994	0.0599694	102.063	15.9949	1.04911	-0.512803
103.003	15.353	103.04	15.4705	0.558953	-0.560401	-0.173733	7.3804	103.119	15.4967	1.11708	-0.508169
104.114	15.2708	104.013	15.1841	1.01605	-0.305166	0.0468589	3.40096	104.244	15.0064	1.19469	-0.498349
105.541	14.4412	105.498	14.4893	1.76707	-0.530121	-0.0844537	2.24951	105.447	14.5293	1.28111	-0.481861
106.831	14.0482	106.84	14.0204	1.45193	-0.395233	0.0184944	0.60768	106.737	14.0724	1.37529	-0.457255
108.084	13.6604	108.086	13.6447	1.33619	-0.288005	0.0686173	0.121579	108.122	13.644	1.47592	-0.423202
109.534	13.5714	109.518	13.545	1.46202	-0.00669375	0.181214	0.43878	109.606	13.2536	1.58144	-0.378583
111.063	12.5814	111.051	12.6782	1.54134	-0.574566	-0.211154	4.7225	111.196	12.9118	1.69008	-0.322574
112.913	12.4877	112.849	12.4204	1.67067	-0.10499	0.158498	4.22523	112.893	12.6299	1.7999	-0.254723
114.801	12.5506	114.778	12.538	1.99359	0.174047	0.218148	0.451043	114.699	12.4195	1.90891	-0.175007
116.687	12.1035	116.685	12.1659	1.79373	-0.139323	-0.0765843	2.68309	116.611	12.2921	2.01507	-0.0838683
118.953	12.0009	118.914	11.9872	2.30655	-0.0831386	0.00530556	1.03426	118.628	12.2586	2.11648	0.0177712
120.695	12.2918	120.726	12.2653	1.8383	0.1463	0.134507	1.17101	120.743	12.3289	2.21139	0.128528
123.568	12.8297	123.495	12.8178	2.91086	0.263477	0.119823	3.68525	122.95	12.5114	2.29835	0.246599
124.894	12.7743	124.986	12.8256	1.43809	0.171847	-0.00232897	7.34639	125.242	12.8125	2.37624	0.369827
127.853	13.3273	127.754	13.3088	2.88781	0.164485	-0.000699068	6.72275	127.609	13.2365	2.44434	0.495787
129.947	13.6963	129.984	13.7021	2.3547	0.172733	0.00443597	0.911959	130.042	13.7853	2.50232	0.621879
132.092	14.507	132.102	14.4788	2.27447	0.38518	0.135943	0.581691	132.53	14.458	2.55028	0.74543
135.074	15.0475	135.009	15.0709	2.96702	0.131704	-0.10024	3.24379	135.066	15.2513	2.58865	0.863795
137.561	16.2147	137.579	16.1776	2.7486	0.419569	0.131957	1.76858	137.639	16.1592	2.61821	0.974442
140.331	17.008	140.309	17.0303	2.88862	0.311498	-0.0216896	0.786826	140.242	17.1733	2.63994	1.07503
142.888	17.9918	142.895	17.9862	2.82188	0.355034	0.0186187	0.0655253	142.868	18.2829	2.65497	1.16346
145.392	19.1617	145.396	19.1516	2.81721	0.463411	0.075295	0.100851	145.51	19.4754	2.66445	1.23795
148.251	20.4754	148.223	20.4717	3.19587	0.450782	0.0195018	0.55401	148.163	20.7364	2.66951	1.29702
150.686	22.1142	150.704	22.106	3.01886	0.617004	0.111645	0.3603	150.825	22.0502	2.67111	1.33953
153.422	23.4909	153.402	23.5126	3.05628	0.480124	-0.0487666	0.808631	153.491	23.3999	2.66999	1.3647
156.047	24.8084	156.049	24.8098	3.01412	0.431094	-0.0491134	0.0056883	156.159	24.7682	2.66666	1.37208
158.905	26.0308	158.895	26.0267	3.16757	0.37905	-0.0509332	0.0754722	158.827	26.1372	2.66127	1.36157
161.412	27.4256	161.434	27.4135	2.92599	0.501208	0.0592885	0.561857	161.493	27.4891	2.65371	1.33344
163.625	28.7683	163.644	28.7757	2.64501	0.5843	0.0753421	0.259799	164.155	28.8064	2.64354	1.28825
166.828	30.2062	166.758	30.2048	3.46088	0.353362	-0.118088	3.34522	166.809	30.0721	2.63006	1.22694
169.097	31.3717	169.153	31.3738	2.68878	0.397271	-0.0216803	2.21345	169.452	31.2706	2.61238	1.15075
172.175	32.3404	172.137	32.3404	3.20201	0.269286	-0.092093	0.992144	172.079	32.3873	2.58945	1.06126
174.643	33.4625	174.676	33.4482	2.78989	0.387045	0.0372321	1.06007	174.685	33.4095	2.56021	0.960341
177.03	34.2009	177.042	34.2206	2.52788	0.320673	-0.0288029	0.364329	177.261	34.3262	2.52363	0.850119
180.145	35.1423	180.095	35.1292	3.27099	0.265804	-0.0433025	1.77614	179.799	35.1289	2.47883	0.732949
182.599	35.753	182.639	35.7635	2.68023	0.221735	-0.0442981	1.11754	182.292	35.8114	2.42515	0.611338
184.732	36.5155	184.763	36.5022	2.27406	0.321326	0.0484709	0.803048	184.73	36.37	2.36226	0.487877
186.946	36.9404	186.94	36.9623	2.257	0.20744	-0.051405	0.330533	187.103	36.804	2.29017	0.365145
189.465	37.4052	189.441	37.4016	2.61046	0.144832	-0.0568705	0.401184	189.401	37.1147	2.20928	0.245623
191.735	37.5631	191.751	37.5705	2.37587	0.0395933	-0.0859873	0.201923	191.615	37.3064	2.12037	0.131591
193.471	37.2789	193.511	37.2973	1.80178	-0.184304	-0.171758	1.28845	193.738	37.3853	2.02462	0.0250452
195.991	37.3991	195.933	37.3425	2.39368	0.0783303	0.0892115	3.4625	195.762	37.3598	1.92349	-0.072386
197.725	37.7285	197.759	37.7238	1.91375	0.242105	0.135834	0.793806	197.683	37.2395	1.81869	-0.159495
199.294	37.2862	199.306	37.3694	1.39444	-0.119304	-0.162578	3.84325	199.497	37.0353	1.71212	-0.235529
201.549	36.9973	201.486	37.0002	2.29224	-0.247365	-0.135116	2.60015	201.203	36.7587	1.6057	-0.300201
202.962	36.4568	203.004	36.445	1.67796	-0.410121	-0.148469	1.21235	202.801	36.4212	1.50137	-0.353671
203.991	36.1967	204.018	36.1547	1.05101	-0.411623	-0.061759	1.51337	204.294	36.0343	1.40095	-0.396497
